1.000000000000000000e+00 1.027977357166891652e-18
1.029029029029028930e+00 1.412928349599740255e-18
1.058058058058058082e+00 1.937310572825286404e-18
1.087087087087087012e+00 2.650075917746286567e-18
1.116116116116116164e+00 3.616860990668043736e-18
1.145145145145145094e+00 4.925514208529730970e-18
1.174174174174174246e+00 6.693403751824130920e-18
1.203203203203203175e+00 9.077064718965449992e-18
1.232232232232232327e+00 1.228491418998144048e-17
1.261261261261261257e+00 1.659398385526435996e-17
1.290290290290290187e+00 2.237190600657226570e-17
1.319319319319319339e+00 3.010575873468107020e-17
1.348348348348348491e+00 4.043985406427870168e-17
1.377377377377377421e+00 5.422516905120033440e-17
1.406406406406406351e+00 7.258391356215933631e-17
1.435435435435435503e+00 9.699374922161280308e-17
1.464464464464464433e+00 1.293974850279788764e-16
1.493493493493493585e+00 1.723457566809380774e-16
1.522522522522522515e+00 2.291823505605980657e-16
1.551551551551551444e+00 3.042845885900892154e-16
1.580580580580580596e+00 4.033747101678186452e-16
1.609609609609609748e+00 5.339226783032613811e-16
1.638638638638638678e+00 7.056665594287691683e-16
1.667667667667667608e+00 9.312839083009712069e-16
1.696696696696696760e+00 1.227256844095588055e-15
1.725725725725725912e+00 1.614985250632539939e-15
1.754754754754754842e+00 2.122217424764663534e-15
1.783783783783783772e+00 2.784886350044946971e-15
1.812812812812812702e+00 3.649463611911590705e-15
1.841841841841841854e+00 4.775973076633916730e-15
1.870870870870871006e+00 6.241844429099549656e-15
1.899899899899899935e+00 8.146834500258680774e-15
1.928928928928928865e+00 1.061930450074767960e-14
1.957957957957958017e+00 1.382421690787693963e-14
1.986986986986987169e+00 1.797331067540176927e-14
2.016016016016016099e+00 2.333803242410377341e-14
2.045045045045045029e+00 3.026595024570661055e-14
2.074074074074074403e+00 3.920156304252476726e-14
2.103103103103102889e+00 5.071265099448352883e-14
2.132132132132132263e+00 6.552360298864137114e-14
2.161161161161161193e+00 8.455751847374564582e-14
2.190190190190190123e+00 1.089893312274946221e-13
2.219219219219219497e+00 1.403127618824648798e-13
2.248248248248247982e+00 1.804246004770955857e-13
2.277277277277277356e+00 2.317306813614215946e-13
2.306306306306306286e+00 2.972789792088048020e-13
2.335335335335335216e+00 3.809265740679359407e-13
2.364364364364364590e+00 4.875488633018947829e-13
2.393393393393393520e+00 6.233014097036947218e-13
2.422422422422422450e+00 7.959472944161273851e-13
2.451451451451451824e+00 1.015265895741031032e-12
2.480480480480480310e+00 1.293562768537275214e-12
2.509509509509509684e+00 1.646304909285908720e-12
2.538538538538538614e+00 2.092911347922728335e-12
2.567567567567567544e+00 2.657735938182772992e-12
2.596596596596596918e+00 3.371287700714797697e-12
2.625625625625625403e+00 4.271744442882102625e-12
2.654654654654654777e+00 5.406828040913356327e-12
2.683683683683683707e+00 6.836125212379566396e-12
2.712712712712712637e+00 8.633956418367661460e-12
2.741741741741742011e+00 1.089291842334211629e-11
2.770770770770770941e+00 1.372825385757384420e-11
2.799799799799799871e+00 1.728323489365378679e-11
2.828828828828829245e+00 2.173578908951664220e-11
2.857857857857857731e+00 2.730664503167221828e-11
2.886886886886887105e+00 3.426933538705536581e-11
2.915915915915916035e+00 4.296246743370542782e-11
2.944944944944944965e+00 5.380475858655846190e-11
2.973973973973974338e+00 6.731343983969585463e-11
3.003003003003003268e+00 8.412675694961282933e-11
3.032032032032032198e+00 1.050314517906467483e-10
3.061061061061061128e+00 1.309962896140627073e-10
3.090090090090090058e+00 1.632129178508676741e-10
3.119119119119119432e+00 2.031456056160818781e-10
3.148148148148148362e+00 2.525917284747737730e-10
3.177177177177177292e+00 3.137552400883953147e-10
3.206206206206206222e+00 3.893358225943707342e-10
3.235235235235235152e+00 4.826369445484564120e-10
3.264264264264264526e+00 5.976966949322420946e-10
3.293293293293293456e+00 7.394460228348508588e-10
3.322322322322322385e+00 9.138999169367195873e-10
3.351351351351351315e+00 1.128388132599382414e-09
3.380380380380380689e+00 1.391833347316011263e-09
3.409409409409409619e+00 1.715086132689423954e-09
3.438438438438438549e+00 2.111327914029207913e-09
3.467467467467467479e+00 2.596555194930056683e-09
3.496496496496496409e+00 3.190160809466075763e-09
3.525525525525525783e+00 3.915630893583419294e-09
3.554554554554554713e+00 4.801379714944240055e-09
3.583583583583583643e+00 5.881748553834855057e-09
3.612612612612612573e+00 7.198199587440012751e-09
3.641641641641641947e+00 8.800741312103850129e-09
3.670670670670670876e+00 1.074962857735500697e-08
3.699699699699699806e+00 1.311738795613267870e-08
3.728728728728728736e+00 1.599122811577592476e-08
3.757757757757758110e+00 1.947590528844935556e-08
3.786786786786787040e+00 2.369712610242022711e-08
3.815815815815815970e+00 2.880558419585334008e-08
3.844844844844844900e+00 3.498174350014902268e-08
3.873873873873873830e+00 4.244150020174411360e-08
3.902902902902903204e+00 5.144287757058258561e-08
3.931931931931932134e+00 6.229393353672270196e-08
3.960960960960961064e+00 7.536209062305674227e-08
3.989989989989989994e+00 9.108513219148848733e-08
4.019019019019019368e+00 1.099841486006734624e-07
4.048048048048048742e+00 1.326787625623251923e-07
4.077077077077077227e+00 1.599050155753962074e-07
4.106106106106105713e+00 1.925363577782971987e-07
4.135135135135135087e+00 2.316082529759153424e-07
4.164164164164164461e+00 2.783469901934673422e-07
4.193193193193193835e+00 3.342033842561649002e-07
4.222222222222222321e+00 4.008921521314794811e-07
4.251251251251250807e+00 4.804378708218246466e-07
4.280280280280280181e+00 5.752285583836825855e-07
4.309309309309309555e+00 6.880780743201438376e-07
4.338338338338338929e+00 8.222987115355639315e-07
4.367367367367367414e+00 9.817855519069644061e-07
4.396396396396396788e+00 1.171114384259501438e-06
4.425425425425425274e+00 1.395655240389650280e-06
4.454454454454454648e+00 1.661703895358408602e-06
4.483483483483484022e+00 1.976634006543945671e-06
4.512512512512512508e+00 2.349072936264951231e-06
4.541541541541541882e+00 2.789104719954116943e-06
4.570570570570570368e+00 3.308504111127477555e-06
4.599599599599599742e+00 3.921006161501382552e-06
4.628628628628629116e+00 4.642616385815097118e-06
4.657657657657658490e+00 5.491967223040741756e-06
4.686686686686686976e+00 6.490727246099667306e-06
4.715715715715715461e+00 7.664070398969277171e-06
4.744744744744744835e+00 9.041213461809411510e-06
4.773773773773774209e+00 1.065603097078726929e-05
4.802802802802803583e+00 1.254775795964772188e-05
4.831831831831832069e+00 1.476179215548898733e-05
4.860860860860860555e+00 1.735060866311841619e-05
4.889889889889889929e+00 2.037480172296755667e-05
4.918918918918919303e+00 2.390426983977833979e-05
4.947947947947948677e+00 2.801956246679766300e-05
4.976976976976977163e+00 3.281340850742991538e-05
5.006006006006006537e+00 3.839244917829010424e-05
5.035035035035035023e+00 4.487920028012076388e-05
5.064064064064064397e+00 5.241427166246645140e-05
5.093093093093092882e+00 6.115887466122764112e-05
5.122122122122122256e+00 7.129765155266268523e-05
5.151151151151151630e+00 8.304186462076590012e-05
5.180180180180180116e+00 9.663298629526105848e-05
5.209209209209209490e+00 1.123467360027490740e-04
5.238238238238238864e+00 1.304976139018627294e-04
5.267267267267267350e+00 1.514439865623602277e-04
5.296296296296296724e+00 1.755937849151207849e-04
5.325325325325325210e+00 2.034108804614988806e-04
5.354354354354354584e+00 2.354222118018862748e-04
5.383383383383383958e+00 2.722257400385882605e-04
5.412412412412412444e+00 3.144993185396720010e-04
5.441441441441441818e+00 3.630105699283440296e-04
5.470470470470470303e+00 4.186278709942659981e-04
5.499499499499499677e+00 4.823325545136722056e-04
5.528528528528529051e+00 5.552324457148807065e-04
5.557557557557557537e+00 6.385768603319444316e-04
5.586586586586586911e+00 7.337732008435102898e-04
5.615615615615616285e+00 8.424052975833336895e-04
5.644644644644644771e+00 9.662536519139342190e-04
5.673673673673674145e+00 1.107317749549422336e-03
5.702702702702702631e+00 1.267840623363896855e-03
5.731731731731732005e+00 1.450335856586512304e-03
5.760760760760761379e+00 1.657617229111763534e-03
5.789789789789789864e+00 1.892831221683876318e-03
5.818818818818819238e+00 2.159492604875338454e-03
5.847847847847847724e+00 2.461523351988932542e-03
5.876876876876877098e+00 2.803295127175884759e-03
5.905905905905906472e+00 3.189675612070336577e-03
5.934934934934934958e+00 3.626078945972627515e-03
5.963963963963964332e+00 4.118520565933108182e-03
5.992992992992992818e+00 4.673676743843870052e-03
6.022022022022022192e+00 5.298949127672687373e-03
6.051051051051051566e+00 6.002534603085868045e-03
6.080080080080080052e+00 6.793500799710543506e-03
6.109109109109109426e+00 7.681867572962390416e-03
6.138138138138138800e+00 8.678694797483382101e-03
6.167167167167167285e+00 9.796176811548059846e-03
6.196196196196196659e+00 1.104774385304011126e-02
6.225225225225225145e+00 1.244817082649675097e-02
6.254254254254254519e+00 1.401369373697455151e-02
6.283283283283283893e+00 1.576213411979461229e-02
6.312312312312312379e+00 1.771303178526710889e-02
6.341341341341341753e+00 1.988778618393872641e-02
6.370370370370370239e+00 2.230980668041766118e-02
6.399399399399399613e+00 2.500467200207038415e-02
6.428428428428428987e+00 2.800029910249643775e-02
6.457457457457457473e+00 3.132712164833970081e-02
6.486486486486486847e+00 3.501827830133245195e-02
6.515515515515516221e+00 3.910981092516292723e-02
6.544544544544544706e+00 4.364087279848838374e-02
6.573573573573574080e+00 4.865394686086703391e-02
6.602602602602602566e+00 5.419507395727445748e-02
6.631631631631631940e+00 6.031409097895176763e-02
6.660660660660661314e+00 6.706487872335183120e-02
6.689689689689689800e+00 7.450561921375502272e-02
6.718718718718719174e+00 8.269906212953838376e-02
6.747747747747747660e+00 9.171279990102552959e-02
6.776776776776777034e+00 1.016195509182972606e-01
6.805805805805806408e+00 1.124974501912923558e-01
6.834834834834834894e+00 1.244303466791324420e-01
6.863863863863864268e+00 1.375081063799879488e-01
6.892892892892892753e+00 1.518269201392591916e-01
6.921921921921922127e+00 1.674896149937386280e-01
6.950950950950951501e+00 1.846059677231513541e-01
6.979979979979979987e+00 2.032930191286697330e-01
7.009009009009009361e+00 2.236753874012495924e-01
7.038038038038038735e+00 2.458855787817670335e-01
7.067067067067067221e+00 2.700642935508352771e-01
7.096096096096096595e+00 2.963607252198192099e-01
7.125125125125125081e+00 3.249328506271192407e-01
7.154154154154154455e+00 3.559477084765259036e-01
7.183183183183183829e+00 3.895816636886426654e-01
7.212212212212212314e+00 4.260206547736889449e-01
7.241241241241241688e+00 4.654604212758614024e-01
7.270270270270270174e+00 5.081067081877033154e-01
7.299299299299299548e+00 5.541754440894315348e-01
7.328328328328328922e+00 6.038928896346893449e-01
7.357357357357357408e+00 6.574957528829714626e-01
7.386386386386386782e+00 7.152312678718778516e-01
7.415415415415416156e+00 7.773572327316455866e-01
7.444444444444444642e+00 8.441420035723393722e-01
7.473473473473474016e+00 9.158644403227073072e-01
7.502502502502502502e+00 9.928138006713902453e-01
7.531531531531531876e+00 1.075289578258158407e+00
7.560560560560561250e+00 1.163601281287099498e+00
7.589589589589589735e+00 1.258068147787652302e+00
7.618618618618619109e+00 1.359018793834789518e+00
7.647647647647647595e+00 1.466790791158540719e+00
7.676676676676676969e+00 1.581730170727400298e+00
7.705705705705706343e+00 1.704190849081028469e+00
7.734734734734734829e+00 1.834533974417204449e+00
7.763763763763764203e+00 1.973127189706641804e+00
7.792792792792793577e+00 2.120343810418438224e+00
7.821821821821822063e+00 2.276561914789108521e+00
7.850850850850851437e+00 2.442163344959513260e+00
7.879879879879879923e+00 2.617532617736514577e+00
7.908908908908909297e+00 2.803055744209877798e+00
7.937937937937938671e+00 2.999118957968079258e+00
7.966966966966967156e+00 3.206107352209214056e+00
7.995995995995996530e+00 3.424403426632366632e+00
8.025025025025025016e+00 3.654385545619189823e+00
8.054054054054054390e+00 3.896426309872478733e+00
8.083083083083083764e+00 4.150890844364451659e+00
8.112112112112111362e+00 4.418135006159980449e+00
8.141141141141140736e+00 4.698503516413960135e+00
8.170170170170170110e+00 4.992328021593546161e+00
8.199199199199199484e+00 5.299925089740810336e+00
8.228228228228228858e+00 5.621594148362564880e+00
8.257257257257258232e+00 5.957615371307818819e+00
8.286286286286287606e+00 6.308247522762287396e+00
8.315315315315316980e+00 6.673725767247576712e+00
8.344344344344344577e+00 7.054259455253466982e+00
8.373373373373373951e+00 7.450029894848135825e+00
8.402402402402401549e+00 7.861188120295521387e+00
8.431431431431430923e+00 8.287852669355906698e+00
8.460460460460460297e+00 8.730107381544298661e+00
8.489489489489489671e+00 9.187999230168818698e+00
8.518518518518519045e+00 9.661536201455774631e+00
8.547547547547548419e+00 1.015068523448618798e+01
8.576576576576577793e+00 1.065537023601114797e+01
8.605605605605607167e+00 1.117547018447454832e+01
8.634634634634634764e+00 1.171081733774531131e+01
8.663663663663664138e+00 1.226119555914142012e+01
8.692692692692693512e+00 1.282633877630855856e+01
8.721721721721721110e+00 1.340592958739514096e+01
8.750750750750750484e+00 1.399959802873489956e+01
8.779779779779779858e+00 1.460692051790801571e+01
8.808808808808809232e+00 1.522741898559957185e+01
8.837837837837838606e+00 1.586056020910519848e+01
8.866866866866867980e+00 1.650575535965186802e+01
8.895895895895897354e+00 1.716235977490413589e+01
8.924924924924924952e+00 1.782967296711568395e+01
8.953953953953954326e+00 1.850693887636514390e+01
8.982982982982983700e+00 1.919334637718587899e+01
9.012012012012013074e+00 1.988803004567040134e+01
9.041041041041040671e+00 2.059007119280080644e+01
9.070070070070070045e+00 2.129849916834075430e+01
9.099099099099099419e+00 2.201229293812352950e+01
9.128128128128128793e+00 2.273038293599979198e+01
9.157157157157158167e+00 2.345165319007069016e+01
9.186186186186185765e+00 2.417494372114407142e+01
9.215215215215215139e+00 2.489905320962102309e+01
9.244244244244244513e+00 2.562274192526000505e+01
9.273273273273273887e+00 2.634473491249167765e+01
9.302302302302303261e+00 2.706372542217783561e+01
9.331331331331332635e+00 2.777837857894172657e+01
9.360360360360360232e+00 2.848733527145474298e+01
9.389389389389389606e+00 2.918921625136270848e+01
9.418418418418418980e+00 2.988262642488591680e+01
9.447447447447448354e+00 3.056615931954862830e+01
9.476476476476477728e+00 3.123840170699505947e+01
9.505505505505505326e+00 3.189793836144834671e+01
9.534534534534534700e+00 3.254335693207698910e+01
9.563563563563564074e+00 3.317325290636298263e+01
9.592592592592593448e+00 3.378623464053033132e+01
9.621621621621622822e+00 3.438092843220047001e+01
9.650650650650650419e+00 3.495598360970439700e+01
9.679679679679679793e+00 3.551007761190723500e+01
9.708708708708709167e+00 3.604192103199792996e+01
9.737737737737738541e+00 3.655026259847062420e+01
9.766766766766767915e+00 3.703389406647889359e+01
9.795795795795795513e+00 3.749165499288431391e+01
9.824824824824824887e+00 3.792243736864726600e+01
9.853853853853854261e+00 3.832519008271959393e+01
9.882882882882883635e+00 3.869892319229813893e+01
9.911911911911913009e+00 3.904271197517580561e+01
9.940940940940940607e+00 3.935570074098469462e+01
9.969969969969969981e+00 3.963710637935232484e+01
9.998998998998999355e+00 3.988622162438222318e+01
1.002802802802802873e+01 4.010241801641422654e+01
1.005705705705705810e+01 4.028514854370560982e+01
1.008608608608608570e+01 4.043394994849178659e+01
1.011511511511511507e+01 4.054844468382010803e+01
1.014414414414414445e+01 4.062834250958782434e+01
1.017317317317317382e+01 4.067344171834159994e+01
1.020220220220220320e+01 4.068362998359322091e+01
1.023123123123123257e+01 4.065888482565894435e+01
1.026026026026026017e+01 4.059927369232053707e+01
1.028928928928928954e+01 4.050495365391625313e+01
1.031831831831831892e+01 4.037617071478339170e+01
1.034734734734734829e+01 4.021325874527086341e+01
1.037637637637637766e+01 4.001663804080504860e+01
1.040540540540540526e+01 3.978681351670526567e+01
1.043443443443443464e+01 3.952437254959198754e+01
1.046346346346346401e+01 3.922998247829312390e+01
1.049249249249249338e+01 3.890438777911749924e+01
1.052152152152152276e+01 3.854840693221433412e+01
1.055055055055055035e+01 3.816292899746056122e+01
1.057957957957957973e+01 3.774890991990105960e+01
1.060860860860860910e+01 3.730736858620033303e+01
1.063763763763763848e+01 3.683938265483682528e+01
1.066666666666666785e+01 3.634608418387649920e+01
1.069569569569569545e+01 3.582865508109243535e+01
1.072472472472472482e+01 3.528832240194723369e+01
1.075375375375375420e+01 3.472635352152286714e+01
1.078278278278278357e+01 3.414405120686313211e+01
1.081181181181181294e+01 3.354274861639142813e+01
1.084084084084084054e+01 3.292380425307764114e+01
1.086986986986986992e+01 3.228859689785884513e+01
1.089889889889889929e+01 3.163852054947262005e+01
1.092792792792792866e+01 3.097497939634267539e+01
1.095695695695695804e+01 3.029938284547607097e+01
1.098598598598598564e+01 2.961314063249241713e+01
1.101501501501501501e+01 2.891765803592167572e+01
1.104404404404404438e+01 2.821433121778769149e+01
1.107307307307307376e+01 2.750454271124943517e+01
1.110210210210210313e+01 2.678965707471687807e+01
1.113113113113113251e+01 2.607101673040252265e+01
1.116016016016016010e+01 2.534993800372914308e+01
1.118918918918918948e+01 2.462770737840142132e+01
1.121821821821821885e+01 2.390557798028006431e+01
1.124724724724724823e+01 2.318476630148190054e+01
1.127627627627627760e+01 2.246644917438841560e+01
1.130530530530530520e+01 2.175176100348664221e+01
1.133433433433433457e+01 2.104179126120702747e+01
1.136336336336336394e+01 2.033758225217694715e+01
1.139239239239239332e+01 1.964012714858480990e+01
1.142142142142142269e+01 1.895036829766612030e+01
1.145045045045045029e+01 1.826919580068593518e+01
1.147947947947947966e+01 1.759744636121512684e+01
1.150850850850850904e+01 1.693590239899142347e+01
1.153753753753753841e+01 1.628529142422549825e+01
1.156656656656656779e+01 1.564628566587099101e+01
1.159559559559559538e+01 1.501950194612711620e+01
1.162462462462462476e+01 1.440550179229203920e+01
1.165365365365365413e+01 1.380479177603991303e+01
1.168268268268268351e+01 1.321782406925469644e+01
1.171171171171171288e+01 1.264499720472779032e+01
1.174074074074074048e+01 1.208665702931032726e+01
1.176976976976976985e+01 1.154309783650907484e+01
1.179879879879879923e+01 1.101456366502627482e+01
1.182782782782782860e+01 1.050124974936491640e+01
1.185685685685685797e+01 1.000330410835420736e+01
1.188588588588588557e+01 9.520829257287912739e+00
1.191491491491491495e+01 9.053884029309937631e+00
1.194394394394394432e+01 8.602485491722486444e+00
1.197297297297297369e+01 8.166610943025091274e+00
1.200200200200200307e+01 7.746199976716013680e+00
1.203103103103103244e+01 7.341156598191359350e+00
1.206006006006006004e+01 6.951351381457660850e+00
1.208908908908908941e+01 6.576623652822805255e+00
1.211811811811811879e+01 6.216783689242395994e+00
1.214714714714714816e+01 5.871614919564398960e+00
1.217617617617617753e+01 5.540876117530596723e+00
1.220520520520520513e+01 5.224303576048317410e+00
1.223423423423423451e+01 4.921613252935252092e+00
1.226326326326326388e+01 4.632502879056305645e+00
1.229229229229229325e+01 4.356654020506512737e+00
1.232132132132132263e+01 4.093734087243554143e+00
1.235035035035035023e+01 3.843398281328724853e+00
1.237937937937937960e+01 3.605291478691738050e+00
1.240840840840840897e+01 3.379050039086687995e+00
1.243743743743743835e+01 3.164303539647321362e+00
1.246646646646646772e+01 2.960676428176689523e+00
1.249549549549549532e+01 2.767789593012614624e+00
1.252452452452452469e+01 2.585261846993615720e+00
1.255355355355355407e+01 2.412711323706049793e+00
1.258258258258258344e+01 2.249756784818480515e+00
1.261161161161161282e+01 2.096018837902219545e+00
1.264064064064064041e+01 1.951121064694182561e+00
1.266966966966966979e+01 1.814691060278464718e+00
1.269869869869869916e+01 1.686361384145230513e+00
1.272772772772772854e+01 1.565770424527674676e+00
1.275675675675675791e+01 1.452563177820838769e+00
1.278578578578578551e+01 1.346391945248366584e+00
1.281481481481481488e+01 1.246916949265841179e+00
1.284384384384384425e+01 1.153806872472489253e+00
1.287287287287287363e+01 1.066739322047074667e+00
1.290190190190190300e+01 9.854012229305548765e-01
1.293093093093093238e+01 9.094891431479177335e-01
1.295995995995995997e+01 8.387095547967341469e-01
1.298898898898898935e+01 7.727790343314717703e-01
1.301801801801801872e+01 7.114244058427696693e-01
1.304704704704704810e+01 6.543828310710160245e-01
1.307607607607607747e+01 6.014018499063923384e-01
1.310510510510510507e+01 5.522393751144996088e-01
1.313413413413413444e+01 5.066636449902668371e-01
1.316316316316316382e+01 4.644531375851340682e-01
1.319219219219219319e+01 4.253964500754637279e-01
1.322122122122122256e+01 3.892921467462353569e-01
1.325025025025025016e+01 3.559485789550809187e-01
1.327927927927927954e+01 3.251836803198565051e-01
1.330830830830830891e+01 2.968247402402005575e-01
1.333733733733733828e+01 2.707081587216351726e-01
1.336636636636636766e+01 2.466791853218095465e-01
1.339539539539539525e+01 2.245916448838967405e-01
1.342442442442442463e+01 2.043076525637563534e-01
1.345345345345345400e+01 1.856973204966848034e-01
1.348248248248248338e+01 1.686384582877401839e-01
1.351151151151151275e+01 1.530162693481650349e-01
1.354054054054054035e+01 1.387230449403260013e-01
1.356956956956956972e+01 1.256578576360091737e-01
1.359859859859859910e+01 1.137262557387407613e-01
1.362762762762762847e+01 1.028399600708181233e-01
1.365665665665665784e+01 9.291656438072652680e-02
1.368568568568568722e+01 8.387924048709186065e-02
1.371471471471471482e+01 7.565644914182850789e-02
1.374374374374374419e+01 6.818165746806618965e-02
1.377277277277277356e+01 6.139306370810214408e-02
1.380180180180180294e+01 5.523332990321883768e-02
1.383083083083083231e+01 4.964932302093181399e-02
1.385985985985985991e+01 4.459186494610938717e-02
1.388888888888888928e+01 4.001549166047844996e-02
1.391791791791791866e+01 3.587822185024185789e-02
1.394694694694694803e+01 3.214133510376452479e-02
1.397597597597597741e+01 2.876915979041859070e-02
1.400500500500500500e+01 2.572887064749328212e-02
1.403403403403403438e+01 2.299029604436545610e-02
1.406306306306306375e+01 2.052573484164000109e-02
1.409209209209209313e+01 1.830978271741222699e-02
1.412112112112112250e+01 1.631916779290639580e-02
1.415015015015015010e+01 1.453259535517202779e-02
1.417917917917917947e+01 1.293060144496575685e-02
1.420820820820820884e+01 1.149541505308530193e-02
1.423723723723723822e+01 1.021082864791512772e-02
1.426626626626626759e+01 9.062076740477329265e-03
1.429529529529529519e+01 8.035722180518635113e-03
1.432432432432432456e+01 7.119549867793448401e-03
1.435335335335335394e+01 6.302467556414670380e-03
1.438238238238238331e+01 5.574413426630731895e-03
1.441141141141141269e+01 4.926270097370376473e-03
1.444044044044044028e+01 4.349784754090917083e-03
1.446946946946946966e+01 3.837495069614189642e-03
1.449849849849849903e+01 3.382660600488178720e-03
1.452752752752752841e+01 2.979199347736122532e-03
1.455655655655655778e+01 2.621629178435668471e-03
1.458558558558558715e+01 2.305013813201749716e-03
1.461461461461461475e+01 2.024913094144716041e-03
1.464364364364364413e+01 1.777337258066758862e-03
1.467267267267267350e+01 1.558704950389319926e-03
1.470170170170170287e+01 1.365804726428577641e-03
1.473073073073073225e+01 1.195759798029218893e-03
1.475975975975975985e+01 1.045995795111710281e-03
1.478878878878878922e+01 9.142113232851516386e-04
1.481781781781781859e+01 7.983511102360550801e-04
1.484684684684684797e+01 6.965815450446011855e-04
1.487587587587587734e+01 6.072684258374654422e-04
1.490490490490490494e+01 5.289567422013813228e-04
1.493393393393393431e+01 4.603523295066860150e-04
1.496296296296296369e+01 4.003052426848345731e-04
1.499199199199199306e+01 3.477947070358927348e-04
1.502102102102102243e+01 3.019155132865997322e-04
1.505005005005005003e+01 2.618657333572908699e-04
1.507907907907907941e+01 2.269356421139830462e-04
1.510810810810810878e+01 1.964977387719950351e-04
1.513713713713713815e+01 1.699977695758527699e-04
1.516616616616616753e+01 1.469466609073736001e-04
1.519519519519519513e+01 1.269132790731462477e-04
1.522422422422422450e+01 1.095179397008218101e-04
1.525325325325325387e+01 9.442659593969573723e-05
1.528228228228228325e+01 8.134564052595157503e-05
1.531131131131131262e+01 7.001726224957894977e-05
1.534034034034034022e+01 6.021530246225128159e-05
1.536936936936936959e+01 5.174156200860967195e-05
1.539839839839839897e+01 4.442251336325412405e-05
1.542742742742742834e+01 3.810637682866545040e-05
1.545645645645645772e+01 3.266052341202229720e-05
1.548548548548548709e+01 2.796917046816445212e-05
1.551451451451451469e+01 2.393133938859077673e-05
1.554354354354354406e+01 2.045904754891618834e-05
1.557257257257257343e+01 1.747570941591792133e-05
1.560160160160160281e+01 1.491472417602461577e-05
1.563063063063063218e+01 1.271822949524789309e-05
1.565965965965965978e+01 1.083600307093375346e-05
1.568868868868868915e+01 9.224495502574253964e-06
1.571771771771771853e+01 7.845979705876310957e-06
1.574674674674674790e+01 6.667803634270845751e-06
1.577577577577577728e+01 5.661734467357736874e-06
1.580480480480480487e+01 4.803383687999621959e-06
1.583383383383383425e+01 4.071703609829124322e-06
1.586286286286286362e+01 3.448546945062589417e-06
1.589189189189189300e+01 2.918281928301576508e-06
1.592092092092092237e+01 2.467456344398939091e-06
1.594994994994994997e+01 2.084504555783323593e-06
1.597897897897897934e+01 1.759492294595747757e-06
1.600800800800800872e+01 1.483894584737698080e-06
1.603703703703703809e+01 1.250402695055450015e-06
1.606606606606606746e+01 1.052756503467212976e-06
1.609509509509509684e+01 8.855990784565210922e-07
1.612412412412412266e+01 7.443506641277727940e-07
1.615315315315315559e+01 6.250995926288757551e-07
1.618218218218218141e+01 5.245079474680161373e-07
1.621121121121121433e+01 4.397300669800009291e-07
1.624024024024024015e+01 3.683422124785011461e-07
1.626926926926926953e+01 3.082819336736124564e-07
1.629829829829829890e+01 2.577958476575459217e-07
1.632732732732732828e+01 2.153947097933202130e-07
1.635635635635635765e+01 1.798147975625886731e-07
1.638538538538538702e+01 1.499847539784225606e-07
1.641441441441441640e+01 1.249971474739052144e-07
1.644344344344344222e+01 1.040841019668486064e-07
1.647247247247247515e+01 8.659643562470334852e-08
1.650150150150150097e+01 7.198582109905435495e-08
1.653053053053053389e+01 5.978954490481725195e-08
1.655955955955955972e+01 4.961750029124409390e-08
1.658858858858858909e+01 4.114109737371912749e-08
1.661761761761761846e+01 3.408381734315859746e-08
1.664664664664664784e+01 2.821317501993723200e-08
1.667567567567567721e+01 2.333388656106510085e-08
1.670470470470470303e+01 1.928206737217497945e-08
1.673373373373373596e+01 1.592030975880077647e-08
1.676276276276276178e+01 1.313351104997322498e-08
1.679179179179179471e+01 1.082534126037177425e-08
1.682082082082082053e+01 8.915255194071299802e-09
1.684984984984984990e+01 7.335967557232538777e-09
1.687887887887887928e+01 6.031321423460893005e-09
1.690790790790790865e+01 4.954490533050508513e-09
1.693693693693693803e+01 4.066464624126544694e-09
1.696596596596596740e+01 3.334774480301649355e-09
1.699499499499499677e+01 2.732419802218220365e-09
1.702402402402402615e+01 2.236968514196331254e-09
1.705305305305305552e+01 1.829800828308612728e-09
1.708208208208208134e+01 1.495475416222443736e-09
1.711111111111111072e+01 1.221198479282135992e-09
1.714014014014014009e+01 9.963794420851885419e-10
1.716916916916916946e+01 8.122594956931568491e-10
1.719819819819819884e+01 6.616013454108327602e-10
1.722722722722722821e+01 5.384303281294032085e-10
1.725625625625625759e+01 4.378186015973180355e-10
1.728528528528528696e+01 3.557054123104610656e-10
1.731431431431431633e+01 2.887475541208435214e-10
1.734334334334334571e+01 2.341950654698849270e-10
1.737237237237237153e+01 1.897880045223702786e-10
1.740140140140140090e+01 1.536708099811452063e-10
1.743043043043043028e+01 1.243213194689830851e-10
1.745945945945945965e+01 1.004919928651033214e-10
1.748848848848848903e+01 8.116128836887957965e-11
1.751751751751751840e+01 6.549347583833225533e-11
1.754654654654654777e+01 5.280545492108001263e-11
1.757557557557557715e+01 4.253938300424501512e-11
1.760460460460460652e+01 3.424011715027739720e-11
1.763363363363363590e+01 2.753664097976151640e-11
1.766266266266266527e+01 2.212678701702169554e-11
1.769169169169169109e+01 1.776468165565448866e-11
1.772072072072072046e+01 1.425043728904263859e-11
1.774974974974974984e+01 1.142169737858535074e-11
1.777877877877877921e+01 9.146707910747165018e-12
1.780780780780780859e+01 7.318645024630740674e-12
1.783683683683683796e+01 5.850975428625492598e-12
1.786586586586586733e+01 4.673665127552425147e-12
1.789489489489489671e+01 3.730084261213343410e-12
1.792392392392392608e+01 2.974482611427735988e-12
1.795295295295295546e+01 2.369932489783641706e-12
1.798198198198198128e+01 1.886654044819355463e-12
1.801101101101101065e+01 1.500653171300361895e-12
1.804004004004004003e+01 1.192614705547930248e-12
1.806906906906906940e+01 9.470039000344983726e-13
1.809809809809809877e+01 7.513376633997303411e-13
1.812712712712712815e+01 5.955940415514624806e-13
1.815615615615615752e+01 4.717341619074672931e-13
1.818518518518518690e+01 3.733155824190733756e-13
1.821421421421421627e+01 2.951798593572795638e-13
1.824324324324324564e+01 2.332003218275503472e-13
1.827227227227227146e+01 1.840786399360402702e-13
1.830130130130130084e+01 1.451808994968183269e-13
1.833033033033033021e+01 1.144056334826814824e-13
1.835935935935935959e+01 9.007767871020809780e-14
1.838838838838838896e+01 7.086288293860111819e-14
1.841741741741741833e+01 5.569962996066272109e-14
1.844644644644644771e+01 4.374391730795473763e-14
1.847547547547547708e+01 3.432534488822231858e-14
1.850450450450450646e+01 2.691187950714776915e-14
1.853353353353353583e+01 2.108167136160206193e-14
1.856256256256256520e+01 1.650053189865318841e-14
1.859159159159159103e+01 1.290395237925679574e-14
1.862062062062062040e+01 1.008276089727452305e-14
1.864964964964964977e+01 7.871692146722125492e-15
1.867867867867867915e+01 6.140286788761662734e-15
1.870770770770770852e+01 4.785652273489285175e-15
1.873673673673673790e+01 3.726709654990288559e-15
1.876576576576576727e+01 2.899625560153770837e-15
1.879479479479479664e+01 2.254188493172324384e-15
1.882382382382382602e+01 1.750936888047181906e-15
1.885285285285285539e+01 1.358885039234939802e-15
1.888188188188188121e+01 1.053724091678333274e-15
1.891091091091091059e+01 8.164001497210875634e-16
1.893993993993993996e+01 6.319914775633973694e-16
1.896896896896896934e+01 4.888226873918484838e-16
1.899799799799799871e+01 3.777665321085061376e-16
1.902702702702702808e+01 2.916940719881229686e-16
1.905605605605605746e+01 2.250420793355978520e-16
1.908508508508508683e+01 1.734729930957669991e-16
1.911411411411411621e+01 1.336078664740870634e-16
1.914314314314314558e+01 1.028168299286344322e-16
1.917217217217217140e+01 7.905483186991599157e-17
1.920120120120120077e+01 6.073299027088645994e-17
1.923023023023023015e+01 4.661792636578260391e-17
1.925925925925925952e+01 3.575306560817718807e-17
1.928828828828828890e+01 2.739716804597606880e-17
1.931731731731731827e+01 2.097635965212056204e-17
1.934634634634634764e+01 1.604673324032161562e-17
1.937537537537537702e+01 1.226521644125492475e-17
1.940440440440440639e+01 9.366899854038034889e-18
1.943343343343343577e+01 7.147408764254275294e-18
1.946246246246246514e+01 5.449208838158985817e-18
1.949149149149149096e+01 4.150977494364611029e-18
1.952052052052052034e+01 3.159362109506692203e-18
1.954954954954954971e+01 2.402594827631466657e-18
1.957857857857857908e+01 1.825550208056428370e-18
1.960760760760760846e+01 1.385923130951397544e-18
1.963663663663663783e+01 1.051275703651154513e-18
1.966566566566566721e+01 7.967576467104068450e-19
1.969469469469469658e+01 6.033481523967212158e-19
1.972372372372372595e+01 4.565011477725937205e-19
1.975275275275275533e+01 3.451023413198607381e-19
1.978178178178178115e+01 2.606670208625507724e-19
1.981081081081081052e+01 1.967235837765023724e-19
1.983983983983983990e+01 1.483402232493559694e-19
1.986886886886886927e+01 1.117618536650639675e-19
1.989789789789789864e+01 8.413184964030125757e-20
1.992692692692692802e+01 6.327897790641644575e-20
1.995595595595595739e+01 4.755439468318804464e-20
1.998498498498498677e+01 3.570705635225711048e-20
2.001401401401401614e+01 2.678857634854860938e-20
2.004304304304304551e+01 2.008063391406598211e-20
2.007207207207207134e+01 1.503963886552795687e-20
2.010110110110110071e+01 1.125458815789501117e-20
2.013013013013013008e+01 8.414998094664658658e-21
2.015915915915915946e+01 6.286525145874801281e-21
2.018818818818818883e+01 4.692448531353862785e-21
2.021721721721721821e+01 3.499617740357278953e-21
2.024624624624624758e+01 2.607797934447230031e-21
2.027527527527527695e+01 1.941598848388446517e-21
2.030430430430430633e+01 1.444366212888843071e-21
2.033333333333333570e+01 1.073562633526135709e-21
2.036236236236236508e+01 7.972778702616580232e-22
2.039139139139139090e+01 5.915947262717020070e-22
2.042042042042042027e+01 4.386025420797633011e-22
2.044944944944944965e+01 3.249004153380872834e-22
2.047847847847847902e+01 2.404704217319700290e-22
2.050750750750750839e+01 1.778301295838470622e-22
2.053653653653653777e+01 1.313957478910108960e-22
2.056556556556556714e+01 9.700398342117912910e-23
2.059459459459459651e+01 7.155337486615422468e-23
2.062362362362362589e+01 5.273548895615936746e-23
2.065265265265265526e+01 3.883364334519524343e-23
2.068168168168168108e+01 2.857232681129685471e-23
2.071071071071071046e+01 2.100464741190729315e-23
2.073973973973973983e+01 1.542827967603933323e-23
2.076876876876876921e+01 1.132275043659692789e-23
2.079779779779779858e+01 8.302687599702517759e-24
2.082682682682682795e+01 6.082999685082425390e-24
2.085585585585585733e+01 4.452964470406887740e-24
2.088488488488488670e+01 3.256964387883888600e-24
2.091391391391391608e+01 2.380176366330182635e-24
2.094294294294294545e+01 1.737951371556975522e-24
2.097197197197197127e+01 1.267939292513261982e-24
2.100100100100100065e+01 9.242546900342146466e-25
2.103003003003003002e+01 6.731583429902280293e-25
2.105905905905905939e+01 4.898636049238240812e-25
2.108808808808808877e+01 3.561766885892936546e-25
2.111711711711711814e+01 2.587546663330842059e-25
2.114614614614614752e+01 1.878206220209449781e-25
2.117517517517517689e+01 1.362168234376535869e-25
2.120420420420420626e+01 9.870760547477583876e-26
2.123323323323323564e+01 7.146656091145440139e-26
2.126226226226226501e+01 5.169964416503812064e-26
2.129129129129129083e+01 3.736841109252218058e-26
2.132032032032032021e+01 2.698696974523276383e-26
2.134934934934934958e+01 1.947314191325158946e-26
2.137837837837837895e+01 1.403945846671677211e-26
2.140740740740740833e+01 1.011339824528072368e-26
2.143643643643643770e+01 7.279076633531929631e-27
2.146546546546546708e+01 5.234653119553408922e-27
2.149449449449449645e+01 3.761247936305969304e-27
2.152352352352352582e+01 2.700277884306199680e-27
2.155255255255255520e+01 1.936945509788840909e-27
2.158158158158158102e+01 1.388221602010914895e-27
2.161061061061061039e+01 9.941058929255253853e-28
2.163963963963963977e+01 7.112773150111289746e-28
2.166866866866866914e+01 5.084845141966756061e-28
2.169769769769769852e+01 3.632026196270185413e-28
2.172672672672672789e+01 2.592105570798678061e-28
2.175575575575575726e+01 1.848369845579251624e-28
2.178478478478478664e+01 1.316914393766817422e-28
2.181381381381381601e+01 9.374728491167443548e-29
2.184284284284284539e+01 6.667950103557697775e-29
2.187187187187187121e+01 4.738691943338938816e-29
2.190090090090090058e+01 3.364783368278830983e-29
2.192992992992992995e+01 2.387196898042107439e-29
2.195895895895895933e+01 1.692200733799468475e-29
2.198798798798798870e+01 1.198527561092015993e-29
2.201701701701701808e+01 8.481578473688649601e-30
2.204604604604604745e+01 5.997052636183659307e-30
2.207507507507507682e+01 4.236737506533047730e-30
2.210410410410410620e+01 2.990596212871705981e-30
2.213313313313313557e+01 2.109194009760647522e-30
2.216216216216216495e+01 1.486304566377795099e-30
2.219119119119119077e+01 1.046481683809461130e-30
2.222022022022022014e+01 7.361867407459340254e-31
2.224924924924924952e+01 5.174601324120614038e-31
2.227827827827827889e+01 3.634112333204111070e-31
2.230730730730730826e+01 2.550071466420877194e-31
2.233633633633633764e+01 1.787882246666875096e-31
2.236536536536536701e+01 1.252443178629242040e-31
2.239439439439439639e+01 8.766166496817382850e-32
2.242342342342342576e+01 6.130472738904664450e-32
2.245245245245245513e+01 4.283618515888298066e-32
2.248148148148148096e+01 2.990612770681639891e-32
2.251051051051051033e+01 2.086133794291285518e-32
2.253953953953953970e+01 1.453974251746095360e-32
2.256856856856856908e+01 1.012520579386241622e-32
2.259759759759759845e+01 7.045042087118173385e-33
2.262662662662662783e+01 4.897742162121894925e-33
2.265565565565565720e+01 3.402051171646099456e-33
2.268468468468468657e+01 2.361121663439428601e-33
2.271371371371371595e+01 1.637300877044294314e-33
2.274274274274274532e+01 1.134413094811805467e-33
2.277177177177177114e+01 7.853198577615054477e-34
2.280080080080080052e+01 5.431934728484840176e-34
2.282982982982982989e+01 3.754007405403344834e-34
2.285885885885885926e+01 2.592198946090619435e-34
2.288788788788788864e+01 1.788439117597980513e-34
2.291691691691691801e+01 1.232856759371268994e-34
2.294594594594594739e+01 8.491486312403594719e-35
2.297497497497497676e+01 5.843693695412223316e-35
2.300400400400400613e+01 4.018128429124391362e-35
2.303303303303303551e+01 2.760532263646953992e-35
2.306206206206206488e+01 1.894935744207387591e-35
2.309109109109109070e+01 1.299657146390817974e-35
2.312012012012012008e+01 8.906268102121750504e-36
2.314914914914914945e+01 6.098111867681798547e-36
2.317817817817817883e+01 4.171840257467298685e-36
2.320720720720720820e+01 2.851626346312033293e-36
2.323623623623623757e+01 1.947557255178668237e-36
2.326526526526526695e+01 1.328986351494986384e-36
2.329429429429429632e+01 9.061153383215135596e-37
2.332332332332332570e+01 6.172756153217617026e-37
2.335235235235235507e+01 4.201529733567468585e-37
2.338138138138138089e+01 2.857382931417442661e-37
2.341041041041041026e+01 1.941610620289486491e-37
2.343943943943943964e+01 1.318221901026603512e-37
2.346846846846846901e+01 8.942266345396536686e-38
2.349749749749749839e+01 6.060931524101793681e-38
2.352652652652652776e+01 4.104533973787865094e-38
2.355555555555555713e+01 2.777288759250398998e-38
2.358458458458458651e+01 1.877633934591440896e-38
2.361361361361361588e+01 1.268333682184492619e-38
2.364264264264264526e+01 8.560297143230686387e-39
2.367167167167167108e+01 5.772671864433028464e-39
2.370070070070070045e+01 3.889534461422061591e-39
2.372972972972972983e+01 2.618491084272178857e-39
2.375875875875875920e+01 1.761316088880198648e-39
2.378778778778778857e+01 1.183739759617263344e-39
2.381681681681681795e+01 7.948915879643218932e-40
2.384584584584584732e+01 5.333254438486004111e-40
2.387487487487487670e+01 3.575274944926010117e-40
2.390390390390390607e+01 2.394745302690786607e-40
2.393293293293293544e+01 1.602662076696055965e-40
2.396196196196196482e+01 1.071660786950194763e-40
2.399099099099099064e+01 7.159875507200314680e-41
2.402002002002002001e+01 4.779542826410751287e-41
2.404904904904904939e+01 3.187865589453381083e-41
2.407807807807807876e+01 2.124449478272420744e-41
2.410710710710710813e+01 1.414573693917292224e-41
2.413613613613613751e+01 9.411037732699783420e-42
2.416516516516516688e+01 6.255790874356867821e-42
2.419419419419419626e+01 4.154891651841953032e-42
2.422322322322322563e+01 2.757210732020462569e-42
2.425225225225225500e+01 1.828154925000366536e-42
2.428128128128128083e+01 1.211124572470519538e-42
2.431031031031031020e+01 8.016733004050276645e-43
2.433933933933933957e+01 5.301988874765363014e-43
2.436836836836836895e+01 3.503587721741692071e-43
2.439739739739739832e+01 2.313236165042999510e-43
2.442642642642642770e+01 1.526018322949299677e-43
2.445545545545545707e+01 1.005847922023546820e-43
2.448448448448448644e+01 6.624265044788368064e-44
2.451351351351351582e+01 4.358889748113999312e-44
2.454254254254254519e+01 2.865806586807697461e-44
2.457157157157157101e+01 1.882568035069233563e-44
2.460060060060060039e+01 1.235626741069729189e-44
2.462962962962962976e+01 8.103203284806142251e-45
2.465865865865865914e+01 5.309565587793862789e-45
2.468768768768768851e+01 3.476114462884713530e-45
2.471671671671671788e+01 2.273850843874105667e-45
2.474574574574574726e+01 1.486150207271595997e-45
2.477477477477477663e+01 9.705016342617424299e-46
2.480380380380380601e+01 6.332317323055539745e-46
2.483283283283283538e+01 4.128211182421330301e-46
2.486186186186186475e+01 2.689019686293016270e-46
2.489089089089089057e+01 1.750084023202562567e-46
2.491991991991991995e+01 1.138037738140889732e-46
2.494894894894894932e+01 7.394133299429123676e-47
2.497797797797797870e+01 4.800105009656658926e-47
2.500700700700700807e+01 3.113486984853020233e-47
2.503603603603603744e+01 2.017791216326907364e-47
2.506506506506506682e+01 1.306586777144197986e-47
2.509409409409409619e+01 8.453433723319380641e-48
2.512312312312312557e+01 5.464631859143371080e-48
2.515215215215215494e+01 3.529567847316965821e-48
2.518118118118118076e+01 2.277797065640320995e-48
2.521021021021021014e+01 1.468728073591660475e-48
2.523923923923923951e+01 9.462385519968995806e-49
2.526826826826826888e+01 6.091058324895242306e-49
2.529729729729729826e+01 3.917578957901056708e-49
2.532632632632632763e+01 2.517535721882986292e-49
2.535535535535535701e+01 1.616465390126447884e-49
2.538438438438438638e+01 1.037027008921391905e-49
2.541341341341341575e+01 6.647320450271628225e-50
2.544244244244244513e+01 4.257317665870948800e-50
2.547147147147147095e+01 2.724321728957002077e-50
2.550050050050050032e+01 1.741861540793168897e-50
2.552952952952952970e+01 1.112760670435389462e-50
2.555855855855855907e+01 7.102689154101181752e-51
2.558758758758758844e+01 4.529776303820309758e-51
2.561661661661661782e+01 2.886447159616307345e-51
2.564564564564564719e+01 1.837737082994351447e-51
2.567467467467467657e+01 1.169058005148835977e-51
2.570370370370370594e+01 7.430561921701300882e-52
2.573273273273273531e+01 4.718893480719553193e-52
2.576176176176176469e+01 2.994274501788011386e-52
2.579079079079079051e+01 1.898348632482058951e-52
2.581981981981981988e+01 1.202522640711771303e-52
2.584884884884884926e+01 7.611030789393274911e-53
2.587787787787787863e+01 4.813119307207477337e-53
2.590690690690690801e+01 3.041184084829337365e-53
2.593593593593593738e+01 1.919957994945365721e-53
2.596496496496496675e+01 1.211082375729586938e-53
2.599399399399399613e+01 7.632882589418351746e-54
2.602302302302302550e+01 4.806582749184786939e-54
2.605205205205205488e+01 3.024246667574612731e-54
2.608108108108108070e+01 1.901213749440032993e-54
2.611011011011011007e+01 1.194201556206162476e-54
2.613913913913913944e+01 7.494752096242787709e-55
2.616816816816816882e+01 4.699697090355177720e-55
2.619719719719719819e+01 2.944526180536576290e-55
2.622622622622622757e+01 1.843291129717385630e-55
2.625525525525525694e+01 1.152936554265656449e-55
2.628428428428428631e+01 7.205263196304879072e-56
2.631331331331331569e+01 4.499116691667660756e-56
2.634234234234234506e+01 2.806969120472544093e-56
2.637137137137137444e+01 1.749770073570716472e-56
2.640040040040040026e+01 1.089826360408183376e-56
2.642942942942942963e+01 6.782137786127903499e-57
2.645845845845845901e+01 4.217051336528792694e-57
2.648748748748748838e+01 2.619896582930607035e-57
2.651651651651651775e+01 1.626269033196595995e-57
2.654554554554554713e+01 1.008634042875700229e-57
2.657457457457457650e+01 6.250400412008352957e-58
2.660360360360360588e+01 3.870036383868237180e-58
2.663263263263263525e+01 2.394171455913055872e-58
2.666166166166166462e+01 1.479886621892248603e-58
2.669069069069069045e+01 9.139756737581573843e-59
2.671971971971971982e+01 5.639931491932784381e-59
2.674874874874874919e+01 3.477330918576615701e-59
2.677777777777777857e+01 2.142156614800268172e-59
2.680680680680680794e+01 1.318528199274926011e-59
2.683583583583583732e+01 8.108875524642427267e-60
2.686486486486486669e+01 4.982701328363577220e-60
2.689389389389389606e+01 3.059159281059654898e-60
2.692292292292292544e+01 1.876602709753878891e-60
2.695195195195195481e+01 1.150205937633858483e-60
2.698098098098098063e+01 7.043879055138309333e-61
2.701001001001001001e+01 4.310038970388975964e-61
2.703903903903903938e+01 2.635017640285056769e-61
2.706806806806806875e+01 1.609603406806503019e-61
2.709709709709709813e+01 9.823975392462579511e-62
2.712612612612612750e+01 5.990853220340340404e-62
2.715515515515515688e+01 3.650254327801662950e-62
2.718418418418418625e+01 2.222238175533988689e-62
2.721321321321321562e+01 1.351733632934956740e-62
2.724224224224224500e+01 8.215323581166956177e-63
2.727127127127127437e+01 4.988744574959245424e-63
2.730030030030030019e+01 3.026850044252022160e-63
2.732932932932932957e+01 1.834947265730562311e-63
2.735835835835835894e+01 1.111448429005517407e-63
2.738738738738738832e+01 6.726483695707909173e-64
2.741641641641641769e+01 4.067428452602915365e-64
2.744544544544544706e+01 2.457450641762989545e-64
2.747447447447447644e+01 1.483483568153201027e-64
2.750350350350350581e+01 8.947747782440848838e-65
2.753253253253253519e+01 5.392346441545456660e-65
2.756156156156156456e+01 3.246944762434179029e-65
2.759059059059059038e+01 1.953462494995437670e-65
2.761961961961961975e+01 1.174270957469755715e-65
2.764864864864864913e+01 7.052849709698329172e-66
2.767767767767767850e+01 4.232471168516426281e-66
2.770670670670670788e+01 2.537794539373757103e-66
2.773573573573573725e+01 1.520379418986880944e-66
2.776476476476476662e+01 9.100821173214892665e-67
2.779379379379379600e+01 5.443049160360565804e-67
2.782282282282282537e+01 3.252647590749140014e-67
2.785185185185185475e+01 1.942069861181862202e-67
2.788088088088088057e+01 1.158579309045885236e-67
2.790990990990990994e+01 6.905891854316321573e-68
2.793893893893893932e+01 4.112887827827959502e-68
2.796796796796796869e+01 2.447411779815647973e-68
2.799699699699699806e+01 1.455125053078876590e-68
2.802602602602602744e+01 8.644237350456264131e-69
2.805505505505505681e+01 5.130812486344774632e-69
2.808408408408408619e+01 3.042837078188325782e-69
2.811311311311311556e+01 1.803035821609985352e-69
2.814214214214214493e+01 1.067488269205730461e-69
2.817117117117117431e+01 6.314732671916584775e-70
2.820020020020020013e+01 3.732329117733744545e-70
2.822922922922922950e+01 2.204134043595436975e-70
2.825825825825825888e+01 1.300556368847680893e-70
2.828728728728728825e+01 7.667494410364427074e-71
2.831631631631631763e+01 4.516592072793388042e-71
2.834534534534534700e+01 2.658284027201202629e-71
2.837437437437437637e+01 1.563237667930513878e-71
2.840340340340340575e+01 9.185054942720004293e-72
2.843243243243243512e+01 5.392269940898683060e-72
2.846146146146146449e+01 3.162966652855313231e-72
2.849049049049049032e+01 1.853748123314683925e-72
2.851951951951951969e+01 1.085525326772409813e-72
2.854854854854854906e+01 6.351295565701115847e-73
2.857757757757757844e+01 3.712939010072467744e-73
2.860660660660660781e+01 2.168734747018073049e-73
2.863563563563563719e+01 1.265692458185612311e-73
2.866466466466466656e+01 7.380454055821473036e-74
2.869369369369369593e+01 4.300026239631703909e-74
2.872272272272272531e+01 2.503181083446161756e-74
2.875175175175175468e+01 1.455950366801159363e-74
2.878078078078078050e+01 8.461239993607056918e-75
2.880980980980980988e+01 4.913088644266219974e-75
2.883883883883883925e+01 2.850416552400553834e-75
2.886786786786786863e+01 1.652323993527002448e-75
2.889689689689689800e+01 9.570072674754146731e-76
2.892592592592592737e+01 5.538197158785871687e-76
2.895495495495495675e+01 3.202246363521183902e-76
2.898398398398398612e+01 1.850010628641268685e-76
2.901301301301301550e+01 1.067890840125985088e-76
2.904204204204204487e+01 6.159034777856095869e-77
2.907107107107107424e+01 3.549209296502896605e-77
2.910010010010010006e+01 2.043542739161776858e-77
2.912912912912912944e+01 1.175625512381518209e-77
2.915815815815815881e+01 6.757521612895486860e-78
2.918718718718718819e+01 3.880958962121045332e-78
2.921621621621621756e+01 2.227018501681222222e-78
2.924524524524524693e+01 1.276855551319326161e-78
2.927427427427427631e+01 7.314638774720273507e-79
2.930330330330330568e+01 4.186751372513155300e-79
2.933233233233233506e+01 2.394388584210159895e-79
2.936136136136136443e+01 1.368186406319226289e-79
2.939039039039039025e+01 7.811403766567906866e-80
2.941941941941941963e+01 4.456009230884419564e-80
2.944844844844844900e+01 2.539780929883723444e-80
2.947747747747747837e+01 1.446370704423058933e-80
2.950650650650650775e+01 8.229930354504470182e-81
2.953553553553553712e+01 4.678922904756762591e-81
2.956456456456456650e+01 2.657839835605776277e-81
2.959359359359359587e+01 1.508498604264765084e-81
2.962262262262262524e+01 8.554491715085768219e-82
2.965165165165165462e+01 4.847041074567966539e-82
2.968068068068068044e+01 2.744052298469415603e-82
2.970970970970970981e+01 1.552177073588705728e-82
2.973873873873873919e+01 8.772499296576362155e-83
2.976776776776776856e+01 4.953801711459021096e-83
2.979679679679679793e+01 2.795034007668170301e-83
2.982582582582582731e+01 1.575682734549829702e-83
2.985485485485485668e+01 8.875312635298695813e-84
2.988388388388388606e+01 4.994956950254819139e-84
2.991291291291291543e+01 2.808749745752605569e-84
2.994194194194194480e+01 1.578074679033741954e-84
2.997097097097097418e+01 8.858807548983284988e-85
3.000000000000000000e+01 4.968853525943787018e-85
