1.000000000000000000e+00 1.338302257648853676e-04
1.009009009009008917e+00 1.387352554113204222e-04
1.018018018018018056e+00 1.438083876755634342e-04
1.027027027027026973e+00 1.490549310503499624e-04
1.036036036036036112e+00 1.544803449290280465e-04
1.045045045045045029e+00 1.600902433062833716e-04
1.054054054054053946e+00 1.658903985498424332e-04
1.063063063063063085e+00 1.718867452438752378e-04
1.072072072072072002e+00 1.780853841047899666e-04
1.081081081081081141e+00 1.844925859701044375e-04
1.090090090090090058e+00 1.911147958610590080e-04
1.099099099099099197e+00 1.979586371196125788e-04
1.108108108108108114e+00 2.050309156204505598e-04
1.117117117117117031e+00 2.123386240586128766e-04
1.126126126126126170e+00 2.198889463133125749e-04
1.135135135135135087e+00 2.276892618885215515e-04
1.144144144144144226e+00 2.357471504308454786e-04
1.153153153153153143e+00 2.440703963251995054e-04
1.162162162162162282e+00 2.526669933687777751e-04
1.171171171171171199e+00 2.615451495237524466e-04
1.180180180180180116e+00 2.707132917491477980e-04
1.189189189189189255e+00 2.801800709122669888e-04
1.198198198198198172e+00 2.899543667800420842e-04
1.207207207207207311e+00 3.000452930906399515e-04
1.216216216216216228e+00 3.104622027055999284e-04
1.225225225225225145e+00 3.212146928427862943e-04
1.234234234234234284e+00 3.323126103903538474e-04
1.243243243243243201e+00 3.437660573019150185e-04
1.252252252252252340e+00 3.555853960730571148e-04
1.261261261261261257e+00 3.677812552992859650e-04
1.270270270270270174e+00 3.803645353154745169e-04
1.279279279279279313e+00 3.933464139168089610e-04
1.288288288288288230e+00 4.067383521611961134e-04
1.297297297297297369e+00 4.205521002530584942e-04
1.306306306306306286e+00 4.347997035083575081e-04
1.315315315315315203e+00 4.494935084006842097e-04
1.324324324324324342e+00 4.646461686881545733e-04
1.333333333333333259e+00 4.802706516208198376e-04
1.342342342342342398e+00 4.963802442282548490e-04
1.351351351351351315e+00 5.129885596868776019e-04
1.360360360360360232e+00 5.301095437665769754e-04
1.369369369369369371e+00 5.477574813560719255e-04
1.378378378378378510e+00 5.659470030664353647e-04
1.387387387387387427e+00 5.846930919121131817e-04
1.396396396396396344e+00 6.040110900687090025e-04
1.405405405405405483e+00 6.239167057067412751e-04
1.414414414414414400e+00 6.444260199005081343e-04
1.423423423423423539e+00 6.655554936111139717e-04
1.432432432432432456e+00 6.873219747426652327e-04
1.441441441441441373e+00 7.097427052705217480e-04
1.450450450450450512e+00 7.328353284404591148e-04
1.459459459459459429e+00 7.566178960374910683e-04
1.468468468468468568e+00 7.811088757230241287e-04
1.477477477477477485e+00 8.063271584389466616e-04
1.486486486486486402e+00 8.322920658771533345e-04
1.495495495495495542e+00 8.590233580129227929e-04
1.504504504504504458e+00 8.865412407005019780e-04
1.513513513513513598e+00 9.148663733291130312e-04
1.522522522522522515e+00 9.440198765375718438e-04
1.531531531531531432e+00 9.740233399855441343e-04
1.540540540540540571e+00 1.004898830179426885e-03
1.549549549549549710e+00 1.036668898350720123e-03
1.558558558558558627e+00 1.069356588384648117e-03
1.567567567567567544e+00 1.102985444796728215e-03
1.576576576576576461e+00 1.137579520754830207e-03
1.585585585585585600e+00 1.173163386144200019e-03
1.594594594594594739e+00 1.209762135672829602e-03
1.603603603603603656e+00 1.247401397014394646e-03
1.612612612612612573e+00 1.286107338985949429e-03
1.621621621621621490e+00 1.325906679757387274e-03
1.630630630630630629e+00 1.366826695089605036e-03
1.639639639639639768e+00 1.408895226598199909e-03
1.648648648648648685e+00 1.452140690039377185e-03
1.657657657657657602e+00 1.496592083614700164e-03
1.666666666666666519e+00 1.542278996291105179e-03
1.675675675675675658e+00 1.589231616132580913e-03
1.684684684684684797e+00 1.637480738639715766e-03
1.693693693693693714e+00 1.687057775093256991e-03
1.702702702702702631e+00 1.737994760897677848e-03
1.711711711711711548e+00 1.790324363920596604e-03
1.720720720720720687e+00 1.844079892823850212e-03
1.729729729729729826e+00 1.899295305381811698e-03
1.738738738738738743e+00 1.956005216782463318e-03
1.747747747747747660e+00 2.014244907906644500e-03
1.756756756756756799e+00 2.074050333580668756e-03
1.765765765765765716e+00 2.135458130797459903e-03
1.774774774774774855e+00 2.198505626901270382e-03
1.783783783783783772e+00 2.263230847730712640e-03
1.792792792792792689e+00 2.329672525715006763e-03
1.801801801801801828e+00 2.397870107917963491e-03
1.810810810810810967e+00 2.467863764024187927e-03
1.819819819819819884e+00 2.539694394261950237e-03
1.828828828828828801e+00 2.613403637256828289e-03
1.837837837837837718e+00 2.689033877810343039e-03
1.846846846846846857e+00 2.766628254597473888e-03
1.855855855855855996e+00 2.846230667776923108e-03
1.864864864864864913e+00 2.927885786507906842e-03
1.873873873873873830e+00 3.011639056366933673e-03
1.882882882882882747e+00 3.097536706658157030e-03
1.891891891891891886e+00 3.185625757610571155e-03
1.900900900900901025e+00 3.275954027455253974e-03
1.909909909909909942e+00 3.368570139375809055e-03
1.918918918918918859e+00 3.463523528324860025e-03
1.927927927927927776e+00 3.560864447699541458e-03
1.936936936936936915e+00 3.660643975868637084e-03
1.945945945945946054e+00 3.762914022543952398e-03
1.954954954954954971e+00 3.867727334988493165e-03
1.963963963963963888e+00 3.975137504053681721e-03
1.972972972972972805e+00 4.085198970037938818e-03
1.981981981981981944e+00 4.197967028358754078e-03
1.990990990990991083e+00 4.313497835030213716e-03
2.000000000000000000e+00 4.431848411938007527e-03
2.009009009009008917e+00 4.553076651903554227e-03
2.018018018018017834e+00 4.677241323529122280e-03
2.027027027027027195e+00 4.804402075815400117e-03
2.036036036036036112e+00 4.934619442543086709e-03
2.045045045045045029e+00 5.067954846409935578e-03
2.054054054054053946e+00 5.204470602914446770e-03
2.063063063063062863e+00 5.344229923977541867e-03
2.072072072072072224e+00 5.487296921293291670e-03
2.081081081081081141e+00 5.633736609399753181e-03
2.090090090090090058e+00 5.783614908460922230e-03
2.099099099099099419e+00 5.936998646750640644e-03
2.108108108108107892e+00 6.093955562829278701e-03
2.117117117117117253e+00 6.254554307404082934e-03
2.126126126126126170e+00 6.418864444863585025e-03
2.135135135135135087e+00 6.586956454477080683e-03
2.144144144144144448e+00 6.758901731249442393e-03
2.153153153153152921e+00 6.934772586421902862e-03
2.162162162162162282e+00 7.114642247609438176e-03
2.171171171171171199e+00 7.298584858564860153e-03
2.180180180180180116e+00 7.486675478560393497e-03
2.189189189189189477e+00 7.678990081376871508e-03
2.198198198198197950e+00 7.875605553890921776e-03
2.207207207207207311e+00 8.076599694250747447e-03
2.216216216216216228e+00 8.282051209630327329e-03
2.225225225225225145e+00 8.492039713552930122e-03
2.234234234234234506e+00 8.706645722773827603e-03
2.243243243243242979e+00 8.925950653712707433e-03
2.252252252252252340e+00 9.150036818426238519e-03
2.261261261261261257e+00 9.378987420110809076e-03
2.270270270270270174e+00 9.612886548126279782e-03
2.279279279279279535e+00 9.851819172530791244e-03
2.288288288288288008e+00 1.009587113811723051e-02
2.297297297297297369e+00 1.034512915794207066e-02
2.306306306306306286e+00 1.059968080633664003e-02
2.315315315315315203e+00 1.085961451139209541e-02
2.324324324324324564e+00 1.112501954690827549e-02
2.333333333333333037e+00 1.139598602379743308e-02
2.342342342342342398e+00 1.167260488093389836e-02
2.351351351351351315e+00 1.195496787544011313e-02
2.360360360360360232e+00 1.224316757240075972e-02
2.369369369369369593e+00 1.253729733399562216e-02
2.378378378378378066e+00 1.283745130804275596e-02
2.387387387387387427e+00 1.314372441594344881e-02
2.396396396396396344e+00 1.345621234002016345e-02
2.405405405405405261e+00 1.377501151023972220e-02
2.414414414414414622e+00 1.410021909031317251e-02
2.423423423423423095e+00 1.443193296316442123e-02
2.432432432432432456e+00 1.477025171576026169e-02
2.441441441441441373e+00 1.511527462329338191e-02
2.450450450450450290e+00 1.546710163271187641e-02
2.459459459459459651e+00 1.582583334558728891e-02
2.468468468468468124e+00 1.619157100031447596e-02
2.477477477477477485e+00 1.656441645363682796e-02
2.486486486486486402e+00 1.694447216148942115e-02
2.495495495495495319e+00 1.733184115915486351e-02
2.504504504504504681e+00 1.772662704072496681e-02
2.513513513513513598e+00 1.812893393786266585e-02
2.522522522522522515e+00 1.853886649785892529e-02
2.531531531531531432e+00 1.895652986097896495e-02
2.540540540540540349e+00 1.938202963709308169e-02
2.549549549549549710e+00 1.981547188158731126e-02
2.558558558558558627e+00 2.025696307054958636e-02
2.567567567567567544e+00 2.070661007522744956e-02
2.576576576576576461e+00 2.116452013575334523e-02
2.585585585585585378e+00 2.163080083413440949e-02
2.594594594594594739e+00 2.210556006650355593e-02
2.603603603603603656e+00 2.258890601462909542e-02
2.612612612612612573e+00 2.308094711668096793e-02
2.621621621621621934e+00 2.358179203725120285e-02
2.630630630630630407e+00 2.409154963662714713e-02
2.639639639639639768e+00 2.461032893931691667e-02
2.648648648648648685e+00 2.513823910182504465e-02
2.657657657657657602e+00 2.567538937967960705e-02
2.666666666666666963e+00 2.622188909370951754e-02
2.675675675675675436e+00 2.677784759557321273e-02
2.684684684684684797e+00 2.734337423253993538e-02
2.693693693693693714e+00 2.791857831152400049e-02
2.702702702702702631e+00 2.850356906237524329e-02
2.711711711711711992e+00 2.909845560042692916e-02
2.720720720720720465e+00 2.970334688830436609e-02
2.729729729729729826e+00 3.031835169699791457e-02
2.738738738738738743e+00 3.094357856620303174e-02
2.747747747747747660e+00 3.157913576393313326e-02
2.756756756756757021e+00 3.222513124540882234e-02
2.765765765765765494e+00 3.288167261122939417e-02
2.774774774774774855e+00 3.354886706483271169e-02
2.783783783783783772e+00 3.422682136924867086e-02
2.792792792792792689e+00 3.491564180315481075e-02
2.801801801801802050e+00 3.561543411624005367e-02
2.810810810810810523e+00 3.632630348388512370e-02
2.819819819819819884e+00 3.704835446116876846e-02
2.828828828828828801e+00 3.778169093620741686e-02
2.837837837837837718e+00 3.852641608283956937e-02
2.846846846846847079e+00 3.928263231266407307e-02
2.855855855855855552e+00 4.005044122644325910e-02
2.864864864864864913e+00 4.082994356488300197e-02
2.873873873873873830e+00 4.162123915880031055e-02
2.882882882882882747e+00 4.242442687869271006e-02
2.891891891891892108e+00 4.323960458372101689e-02
2.900900900900900581e+00 4.406686907011989063e-02
2.909909909909909942e+00 4.490631601905124837e-02
2.918918918918918859e+00 4.575803994391331592e-02
2.927927927927927776e+00 4.662213413712346793e-02
2.936936936936937137e+00 4.749869061638907486e-02
2.945945945945945610e+00 4.838780007048339854e-02
2.954954954954954971e+00 4.928955180454512586e-02
2.963963963963963888e+00 5.020403368491713203e-02
2.972972972972972805e+00 5.113133208354540826e-02
2.981981981981982166e+00 5.207153182195567442e-02
2.990990990990991083e+00 5.302471611482763997e-02
3.000000000000000000e+00 5.399096651318806284e-02
3.009009009009008917e+00 5.497036284724230587e-02
3.018018018018017834e+00 5.596298316886675478e-02
3.027027027027027195e+00 5.696890369378374008e-02
3.036036036036036112e+00 5.798819874344164627e-02
3.045045045045045029e+00 5.902094068662384896e-02
3.054054054054053946e+00 6.006719988080962136e-02
3.063063063063062863e+00 6.112704461331196215e-02
3.072072072072072224e+00 6.220054104221695024e-02
3.081081081081081141e+00 6.328775313715009898e-02
3.090090090090090058e+00 6.438874261989632752e-02
3.099099099099098975e+00 6.550356890489919537e-02
3.108108108108107892e+00 6.663228903966730843e-02
3.117117117117117253e+00 6.777495764511527743e-02
3.126126126126126170e+00 6.893162685586697036e-02
3.135135135135135087e+00 7.010234626055095175e-02
3.144144144144144004e+00 7.128716284211567000e-02
3.153153153153152921e+00 7.248612091819525705e-02
3.162162162162162282e+00 7.369926208155570813e-02
3.171171171171171199e+00 7.492662514065166757e-02
3.180180180180180116e+00 7.616824606032573941e-02
3.189189189189189033e+00 7.742415790268092346e-02
3.198198198198198394e+00 7.869439076815855361e-02
3.207207207207207311e+00 7.997897173685382388e-02
3.216216216216216228e+00 8.127792481010230607e-02
3.225225225225225145e+00 8.259127085236950272e-02
3.234234234234234062e+00 8.391902753347768584e-02
3.243243243243243423e+00 8.526120927120380000e-02
3.252252252252252340e+00 8.661782717428194445e-02
3.261261261261261257e+00 8.798888898584621143e-02
3.270270270270270174e+00 8.937439902734715946e-02
3.279279279279279091e+00 9.077435814297805938e-02
3.288288288288288452e+00 9.218876364464582973e-02
3.297297297297297369e+00 9.361760925752210527e-02
3.306306306306306286e+00 9.506088506621117318e-02
3.315315315315315203e+00 9.651857746156909668e-02
3.324324324324324120e+00 9.799066908821199573e-02
3.333333333333333481e+00 9.947713879274872051e-02
3.342342342342342398e+00 1.009779615727745827e-01
3.351351351351351315e+00 1.024931085266637676e-01
3.360360360360360232e+00 1.040225468041954121e-01
3.369369369369369149e+00 1.055662395580518054e-01
3.378378378378378510e+00 1.071241458962246540e-01
3.387387387387387427e+00 1.086962208353662168e-01
3.396396396396396344e+00 1.102824152551234865e-01
3.405405405405405261e+00 1.118826758534904875e-01
3.414414414414414178e+00 1.134969451032168397e-01
3.423423423423423539e+00 1.151251612093089904e-01
3.432432432432432456e+00 1.167672580676603761e-01
3.441441441441441373e+00 1.184231652248484562e-01
3.450450450450450290e+00 1.200928078391331894e-01
3.459459459459459651e+00 1.217761066426945871e-01
3.468468468468468568e+00 1.234729779051447346e-01
3.477477477477477485e+00 1.251833333983511654e-01
3.486486486486486402e+00 1.269070803626053678e-01
3.495495495495495319e+00 1.286441214741737005e-01
3.504504504504504681e+00 1.303943548142646736e-01
3.513513513513513598e+00 1.321576738394470985e-01
3.522522522522522515e+00 1.339339673535548947e-01
3.531531531531531432e+00 1.357231194811107933e-01
3.540540540540540349e+00 1.375250096423035195e-01
3.549549549549549710e+00 1.393395125295516235e-01
3.558558558558558627e+00 1.411664980856857377e-01
3.567567567567567544e+00 1.430058314837831246e-01
3.576576576576576461e+00 1.448573731086843785e-01
3.585585585585585378e+00 1.467209785402242561e-01
3.594594594594594739e+00 1.485964985382076664e-01
3.603603603603603656e+00 1.504837790291593258e-01
3.612612612612612573e+00 1.523826610948783578e-01
3.621621621621621490e+00 1.542929809628247328e-01
3.630630630630630407e+00 1.562145699983664426e-01
3.639639639639639768e+00 1.581472546989144690e-01
3.648648648648648685e+00 1.600908566899720553e-01
3.657657657657657602e+00 1.620451927231245093e-01
3.666666666666666519e+00 1.640100746759936001e-01
3.675675675675675436e+00 1.659853095541814483e-01
3.684684684684684797e+00 1.679706994952271659e-01
3.693693693693693714e+00 1.699660417745982310e-01
3.702702702702702631e+00 1.719711288137391880e-01
3.711711711711711548e+00 1.739857481901969372e-01
3.720720720720720909e+00 1.760096826498435685e-01
3.729729729729729826e+00 1.780427101212144203e-01
3.738738738738738743e+00 1.800846037319805137e-01
3.747747747747747660e+00 1.821351318275706843e-01
3.756756756756756577e+00 1.841940579919597309e-01
3.765765765765765938e+00 1.862611410706377368e-01
3.774774774774774855e+00 1.883361351957725527e-01
3.783783783783783772e+00 1.904187898135807078e-01
3.792792792792792689e+00 1.925088497139149091e-01
3.801801801801801606e+00 1.946060550620805629e-01
3.810810810810810967e+00 1.967101414328897013e-01
3.819819819819819884e+00 1.988208398469595295e-01
3.828828828828828801e+00 2.009378768092640877e-01
3.837837837837837718e+00 2.030609743499424136e-01
3.846846846846846635e+00 2.051898500673685066e-01
3.855855855855855996e+00 2.073242171734863415e-01
3.864864864864864913e+00 2.094637845414108468e-01
3.873873873873873830e+00 2.116082567552961813e-01
3.882882882882882747e+00 2.137573341624698364e-01
3.891891891891891664e+00 2.159107129278304837e-01
3.900900900900901025e+00 2.180680850905066526e-01
3.909909909909909942e+00 2.202291386227704928e-01
3.918918918918918859e+00 2.223935574912020707e-01
3.927927927927927776e+00 2.245610217200950109e-01
3.936936936936936693e+00 2.267312074570955183e-01
3.945945945945946054e+00 2.289037870410650100e-01
3.954954954954954971e+00 2.310784290721536738e-01
3.963963963963963888e+00 2.332547984840735444e-01
3.972972972972972805e+00 2.354325566185553054e-01
3.981981981981982166e+00 2.376113613019741888e-01
3.990990990990991083e+00 2.397908669241269886e-01
4.000000000000000000e+00 2.419707245191433653e-01
4.009009009009009361e+00 2.441505818485096013e-01
4.018018018018017834e+00 2.463300834861842370e-01
4.027027027027027195e+00 2.485088709057849954e-01
4.036036036036035668e+00 2.506865825698184613e-01
4.045045045045045029e+00 2.528628540209331699e-01
4.054054054054054390e+00 2.550373179751627695e-01
4.063063063063062863e+00 2.572096044171368057e-01
4.072072072072072224e+00 2.593793406972271232e-01
4.081081081081080697e+00 2.615461516305969680e-01
4.090090090090090058e+00 2.637096595981260894e-01
4.099099099099099419e+00 2.658694846491715946e-01
4.108108108108107892e+00 2.680252446061355265e-01
4.117117117117117253e+00 2.701765551707999702e-01
4.126126126126125726e+00 2.723230300323910003e-01
4.135135135135135087e+00 2.744642809773372716e-01
4.144144144144144448e+00 2.765999180006772362e-01
4.153153153153152921e+00 2.787295494190788481e-01
4.162162162162162282e+00 2.808527819854264584e-01
4.171171171171170755e+00 2.829692210049303824e-01
4.180180180180180116e+00 2.850784704527176139e-01
4.189189189189189477e+00 2.871801330928527851e-01
4.198198198198197950e+00 2.892738105987458508e-01
4.207207207207207311e+00 2.913591036748972574e-01
4.216216216216215784e+00 2.934356121799274741e-01
4.225225225225225145e+00 2.955029352508465879e-01
4.234234234234234506e+00 2.975606714285046750e-01
4.243243243243243867e+00 2.996084187841770441e-01
4.252252252252252340e+00 3.016457750472252841e-01
4.261261261261260813e+00 3.036723377337826046e-01
4.270270270270270174e+00 3.056877042764054031e-01
4.279279279279279535e+00 3.076914721546347709e-01
4.288288288288288896e+00 3.096832390264123158e-01
4.297297297297297369e+00 3.116626028602883514e-01
4.306306306306305842e+00 3.136291620683662185e-01
4.315315315315315203e+00 3.155825156399204579e-01
4.324324324324324564e+00 3.175222632756279362e-01
4.333333333333333925e+00 3.194480055223523629e-01
4.342342342342342398e+00 3.213593439084171388e-01
4.351351351351350871e+00 3.232558810793056403e-01
4.360360360360360232e+00 3.251372209337232144e-01
4.369369369369369593e+00 3.270029687599578239e-01
4.378378378378378954e+00 3.288527313724752266e-01
4.387387387387387427e+00 3.306861172486812439e-01
4.396396396396395900e+00 3.325027366657878902e-01
4.405405405405405261e+00 3.343022018377143079e-01
4.414414414414414622e+00 3.360841270519578372e-01
4.423423423423423984e+00 3.378481288063679977e-01
4.432432432432432456e+00 3.395938259457552122e-01
4.441441441441440929e+00 3.413208397982680498e-01
4.450450450450450290e+00 3.430287943114694871e-01
4.459459459459459651e+00 3.447173161880448533e-01
4.468468468468469013e+00 3.463860350210747896e-01
4.477477477477477485e+00 3.480345834288027240e-01
4.486486486486485958e+00 3.496625971888308593e-01
4.495495495495495319e+00 3.512697153716734522e-01
4.504504504504504681e+00 3.528555804736019930e-01
4.513513513513514042e+00 3.544198385487133951e-01
4.522522522522522515e+00 3.559621393401515843e-01
4.531531531531530987e+00 3.574821364104175392e-01
4.540540540540540349e+00 3.589794872706966178e-01
4.549549549549549710e+00 3.604538535091387774e-01
4.558558558558559071e+00 3.619049009180230758e-01
4.567567567567567544e+00 3.633322996197404509e-01
4.576576576576576016e+00 3.647357241915278325e-01
4.585585585585585378e+00 3.661148537888882504e-01
4.594594594594594739e+00 3.674693722676303786e-01
4.603603603603604100e+00 3.687989683044651246e-01
4.612612612612612573e+00 3.701033355160919247e-01
4.621621621621621046e+00 3.713821725767139093e-01
4.630630630630630407e+00 3.726351833339159869e-01
4.639639639639639768e+00 3.738620769228463980e-01
4.648648648648649129e+00 3.750625678786383421e-01
4.657657657657657602e+00 3.762363762470112838e-01
4.666666666666666075e+00 3.773832276929930951e-01
4.675675675675675436e+00 3.785028536077018613e-01
4.684684684684684797e+00 3.795949912131307280e-01
4.693693693693694158e+00 3.806593836648790030e-01
4.702702702702702631e+00 3.816957801527714467e-01
4.711711711711711104e+00 3.827039359993129608e-01
4.720720720720720465e+00 3.836836127559223875e-01
4.729729729729729826e+00 3.846345782968935145e-01
4.738738738738739187e+00 3.855566069110319405e-01
4.747747747747747660e+00 3.864494793909164505e-01
4.756756756756756133e+00 3.873129831197351658e-01
4.765765765765765494e+00 3.881469121556495594e-01
4.774774774774774855e+00 3.889510673136380992e-01
4.783783783783784216e+00 3.897252562447748869e-01
4.792792792792792689e+00 3.904692935128991071e-01
4.801801801801801162e+00 3.911830006686320971e-01
4.810810810810810523e+00 3.918662063207005719e-01
4.819819819819819884e+00 3.925187462045269249e-01
4.828828828828829245e+00 3.931404632480471895e-01
4.837837837837837718e+00 3.937312076347204703e-01
4.846846846846846191e+00 3.942908368636942051e-01
4.855855855855855552e+00 3.948192158070911728e-01
4.864864864864864913e+00 3.953162167643863856e-01
4.873873873873874274e+00 3.957817195138432775e-01
4.882882882882882747e+00 3.962156113609796582e-01
4.891891891891891220e+00 3.966177871840367852e-01
4.900900900900900581e+00 3.969881494764251895e-01
4.909909909909909942e+00 3.973266083861238807e-01
4.918918918918919303e+00 3.976330817520099536e-01
4.927927927927927776e+00 3.979074951370990543e-01
4.936936936936936249e+00 3.981497818586765547e-01
4.945945945945945610e+00 3.983598830153036174e-01
4.954954954954954971e+00 3.985377475106819389e-01
4.963963963963964332e+00 3.986833320743640163e-01
4.972972972972972805e+00 3.987966012792973913e-01
4.981981981981982166e+00 3.988775275561923794e-01
4.990990990990990639e+00 3.989260912047056240e-01
5.000000000000000000e+00 3.989422804014327029e-01
5.009009009009009361e+00 3.989260912047056240e-01
5.018018018018017834e+00 3.988775275561923794e-01
5.027027027027027195e+00 3.987966012792973913e-01
5.036036036036035668e+00 3.986833320743640163e-01
5.045045045045045029e+00 3.985377475106819389e-01
5.054054054054054390e+00 3.983598830153036174e-01
5.063063063063062863e+00 3.981497818586765547e-01
5.072072072072072224e+00 3.979074951370990543e-01
5.081081081081080697e+00 3.976330817520099536e-01
5.090090090090090058e+00 3.973266083861238807e-01
5.099099099099099419e+00 3.969881494764251895e-01
5.108108108108107892e+00 3.966177871840367852e-01
5.117117117117117253e+00 3.962156113609796582e-01
5.126126126126125726e+00 3.957817195138432775e-01
5.135135135135135087e+00 3.953162167643863856e-01
5.144144144144144448e+00 3.948192158070911728e-01
5.153153153153152921e+00 3.942908368636942606e-01
5.162162162162162282e+00 3.937312076347204703e-01
5.171171171171170755e+00 3.931404632480471895e-01
5.180180180180180116e+00 3.925187462045269249e-01
5.189189189189189477e+00 3.918662063207005719e-01
5.198198198198197950e+00 3.911830006686320971e-01
5.207207207207207311e+00 3.904692935128991071e-01
5.216216216216215784e+00 3.897252562447748869e-01
5.225225225225225145e+00 3.889510673136380992e-01
5.234234234234234506e+00 3.881469121556495594e-01
5.243243243243242979e+00 3.873129831197352213e-01
5.252252252252252340e+00 3.864494793909164505e-01
5.261261261261260813e+00 3.855566069110319405e-01
5.270270270270270174e+00 3.846345782968935145e-01
5.279279279279279535e+00 3.836836127559223875e-01
5.288288288288288008e+00 3.827039359993130718e-01
5.297297297297297369e+00 3.816957801527714467e-01
5.306306306306305842e+00 3.806593836648790030e-01
5.315315315315315203e+00 3.795949912131307280e-01
5.324324324324324564e+00 3.785028536077018613e-01
5.333333333333333037e+00 3.773832276929932061e-01
5.342342342342342398e+00 3.762363762470112838e-01
5.351351351351350871e+00 3.750625678786383421e-01
5.360360360360360232e+00 3.738620769228463980e-01
5.369369369369369593e+00 3.726351833339159869e-01
5.378378378378378066e+00 3.713821725767140203e-01
5.387387387387387427e+00 3.701033355160919247e-01
5.396396396396396788e+00 3.687989683044650135e-01
5.405405405405405261e+00 3.674693722676303786e-01
5.414414414414414622e+00 3.661148537888882504e-01
5.423423423423423095e+00 3.647357241915279991e-01
5.432432432432432456e+00 3.633322996197404509e-01
5.441441441441441818e+00 3.619049009180229648e-01
5.450450450450450290e+00 3.604538535091387774e-01
5.459459459459459651e+00 3.589794872706966178e-01
5.468468468468468124e+00 3.574821364104176502e-01
5.477477477477477485e+00 3.559621393401515843e-01
5.486486486486486847e+00 3.544198385487132286e-01
5.495495495495495319e+00 3.528555804736019930e-01
5.504504504504504681e+00 3.512697153716734522e-01
5.513513513513513153e+00 3.496625971888310258e-01
5.522522522522522515e+00 3.480345834288027240e-01
5.531531531531531876e+00 3.463860350210745676e-01
5.540540540540540349e+00 3.447173161880448533e-01
5.549549549549549710e+00 3.430287943114694871e-01
5.558558558558558182e+00 3.413208397982682163e-01
5.567567567567567544e+00 3.395938259457552122e-01
5.576576576576576905e+00 3.378481288063678312e-01
5.585585585585585378e+00 3.360841270519578372e-01
5.594594594594594739e+00 3.343022018377143079e-01
5.603603603603603212e+00 3.325027366657880568e-01
5.612612612612612573e+00 3.306861172486812439e-01
5.621621621621621934e+00 3.288527313724750600e-01
5.630630630630630407e+00 3.270029687599578239e-01
5.639639639639639768e+00 3.251372209337232144e-01
5.648648648648648241e+00 3.232558810793058068e-01
5.657657657657657602e+00 3.213593439084171388e-01
5.666666666666666963e+00 3.194480055223521409e-01
5.675675675675675436e+00 3.175222632756279362e-01
5.684684684684684797e+00 3.155825156399204579e-01
5.693693693693693270e+00 3.136291620683664405e-01
5.702702702702702631e+00 3.116626028602883514e-01
5.711711711711711992e+00 3.096832390264121493e-01
5.720720720720720465e+00 3.076914721546347709e-01
5.729729729729729826e+00 3.056877042764054031e-01
5.738738738738738299e+00 3.036723377337827712e-01
5.747747747747747660e+00 3.016457750472252841e-01
5.756756756756757021e+00 2.996084187841768776e-01
5.765765765765765494e+00 2.975606714285046750e-01
5.774774774774774855e+00 2.955029352508465879e-01
5.783783783783783328e+00 2.934356121799276962e-01
5.792792792792792689e+00 2.913591036748972574e-01
5.801801801801802050e+00 2.892738105987458508e-01
5.810810810810810523e+00 2.871801330928527851e-01
5.819819819819819884e+00 2.850784704527176139e-01
5.828828828828828357e+00 2.829692210049306045e-01
5.837837837837837718e+00 2.808527819854264584e-01
5.846846846846847079e+00 2.787295494190788481e-01
5.855855855855855552e+00 2.765999180006772362e-01
5.864864864864864913e+00 2.744642809773372716e-01
5.873873873873874274e+00 2.723230300323910003e-01
5.882882882882882747e+00 2.701765551707999702e-01
5.891891891891892108e+00 2.680252446061355265e-01
5.900900900900900581e+00 2.658694846491715946e-01
5.909909909909909942e+00 2.637096595981260894e-01
5.918918918918919303e+00 2.615461516305969680e-01
5.927927927927927776e+00 2.593793406972271232e-01
5.936936936936937137e+00 2.572096044171368057e-01
5.945945945945945610e+00 2.550373179751627695e-01
5.954954954954954971e+00 2.528628540209331699e-01
5.963963963963964332e+00 2.506865825698184613e-01
5.972972972972972805e+00 2.485088709057849954e-01
5.981981981981982166e+00 2.463300834861842370e-01
5.990990990990990639e+00 2.441505818485096013e-01
6.000000000000000000e+00 2.419707245191433653e-01
6.009009009009009361e+00 2.397908669241268498e-01
6.018018018018017834e+00 2.376113613019741888e-01
6.027027027027027195e+00 2.354325566185553054e-01
6.036036036036035668e+00 2.332547984840736277e-01
6.045045045045045029e+00 2.310784290721536738e-01
6.054054054054054390e+00 2.289037870410648712e-01
6.063063063063062863e+00 2.267312074570956015e-01
6.072072072072072224e+00 2.245610217200950109e-01
6.081081081081080697e+00 2.223935574912021818e-01
6.090090090090090058e+00 2.202291386227704928e-01
6.099099099099099419e+00 2.180680850905065693e-01
6.108108108108107892e+00 2.159107129278306225e-01
6.117117117117117253e+00 2.137573341624698364e-01
6.126126126126125726e+00 2.116082567552963201e-01
6.135135135135135087e+00 2.094637845414108468e-01
6.144144144144144448e+00 2.073242171734862582e-01
6.153153153153152921e+00 2.051898500673685899e-01
6.162162162162162282e+00 2.030609743499424136e-01
6.171171171171170755e+00 2.009378768092642265e-01
6.180180180180180116e+00 1.988208398469595295e-01
6.189189189189189477e+00 1.967101414328895903e-01
6.198198198198197950e+00 1.946060550620806739e-01
6.207207207207207311e+00 1.925088497139149091e-01
6.216216216216215784e+00 1.904187898135808188e-01
6.225225225225225145e+00 1.883361351957725527e-01
6.234234234234234506e+00 1.862611410706376258e-01
6.243243243243242979e+00 1.841940579919598420e-01
6.252252252252252340e+00 1.821351318275706843e-01
6.261261261261260813e+00 1.800846037319806248e-01
6.270270270270270174e+00 1.780427101212144203e-01
6.279279279279279535e+00 1.760096826498434852e-01
6.288288288288288008e+00 1.739857481901970204e-01
6.297297297297297369e+00 1.719711288137391880e-01
6.306306306306305842e+00 1.699660417745983421e-01
6.315315315315315203e+00 1.679706994952271659e-01
6.324324324324324564e+00 1.659853095541814483e-01
6.333333333333333037e+00 1.640100746759937111e-01
6.342342342342342398e+00 1.620451927231245093e-01
6.351351351351350871e+00 1.600908566899721386e-01
6.360360360360360232e+00 1.581472546989144690e-01
6.369369369369369593e+00 1.562145699983664426e-01
6.378378378378378066e+00 1.542929809628248439e-01
6.387387387387387427e+00 1.523826610948783578e-01
6.396396396396396788e+00 1.504837790291592148e-01
6.405405405405405261e+00 1.485964985382076664e-01
6.414414414414414622e+00 1.467209785402242561e-01
6.423423423423423095e+00 1.448573731086844618e-01
6.432432432432432456e+00 1.430058314837831246e-01
6.441441441441441818e+00 1.411664980856856266e-01
6.450450450450450290e+00 1.393395125295516235e-01
6.459459459459459651e+00 1.375250096423035195e-01
6.468468468468468124e+00 1.357231194811108765e-01
6.477477477477477485e+00 1.339339673535548947e-01
6.486486486486486847e+00 1.321576738394470152e-01
6.495495495495495319e+00 1.303943548142646736e-01
6.504504504504504681e+00 1.286441214741737005e-01
6.513513513513513153e+00 1.269070803626054234e-01
6.522522522522522515e+00 1.251833333983511654e-01
6.531531531531531876e+00 1.234729779051446652e-01
6.540540540540540349e+00 1.217761066426945871e-01
6.549549549549549710e+00 1.200928078391331894e-01
6.558558558558558182e+00 1.184231652248485533e-01
6.567567567567567544e+00 1.167672580676603761e-01
6.576576576576576905e+00 1.151251612093088933e-01
6.585585585585585378e+00 1.134969451032169091e-01
6.594594594594594739e+00 1.118826758534904875e-01
6.603603603603603212e+00 1.102824152551235559e-01
6.612612612612612573e+00 1.086962208353662168e-01
6.621621621621621934e+00 1.071241458962245707e-01
6.630630630630630407e+00 1.055662395580519164e-01
6.639639639639639768e+00 1.040225468041954121e-01
6.648648648648648241e+00 1.024931085266638370e-01
6.657657657657657602e+00 1.009779615727745827e-01
6.666666666666666963e+00 9.947713879274865112e-02
6.675675675675675436e+00 9.799066908821205124e-02
6.684684684684684797e+00 9.651857746156909668e-02
6.693693693693693270e+00 9.506088506621124257e-02
6.702702702702702631e+00 9.361760925752210527e-02
6.711711711711711992e+00 9.218876364464574646e-02
6.720720720720720465e+00 9.077435814297812877e-02
6.729729729729729826e+00 8.937439902734715946e-02
6.738738738738738299e+00 8.798888898584628082e-02
6.747747747747747660e+00 8.661782717428194445e-02
6.756756756756757021e+00 8.526120927120373061e-02
6.765765765765765494e+00 8.391902753347776911e-02
6.774774774774774855e+00 8.259127085236950272e-02
6.783783783783783328e+00 8.127792481010237546e-02
6.792792792792792689e+00 7.997897173685382388e-02
6.801801801801802050e+00 7.869439076815848422e-02
6.810810810810810523e+00 7.742415790268097897e-02
6.819819819819819884e+00 7.616824606032573941e-02
6.828828828828828357e+00 7.492662514065172308e-02
6.837837837837837718e+00 7.369926208155570813e-02
6.846846846846847079e+00 7.248612091819525705e-02
6.855855855855855552e+00 7.128716284211572551e-02
6.864864864864864913e+00 7.010234626055095175e-02
6.873873873873873386e+00 6.893162685586703975e-02
6.882882882882882747e+00 6.777495764511527743e-02
6.891891891891892108e+00 6.663228903966730843e-02
6.900900900900900581e+00 6.550356890489925088e-02
6.909909909909909942e+00 6.438874261989632752e-02
6.918918918918919303e+00 6.328775313715004347e-02
6.927927927927927776e+00 6.220054104221695024e-02
6.936936936936937137e+00 6.112704461331196215e-02
6.945945945945945610e+00 6.006719988080967687e-02
6.954954954954954971e+00 5.902094068662384896e-02
6.963963963963964332e+00 5.798819874344159075e-02
6.972972972972972805e+00 5.696890369378374008e-02
6.981981981981982166e+00 5.596298316886675478e-02
6.990990990990990639e+00 5.497036284724236138e-02
7.000000000000000000e+00 5.399096651318806284e-02
7.009009009009009361e+00 5.302471611482758446e-02
7.018018018018017834e+00 5.207153182195567442e-02
7.027027027027027195e+00 5.113133208354540826e-02
7.036036036036035668e+00 5.020403368491717366e-02
7.045045045045045029e+00 4.928955180454512586e-02
7.054054054054054390e+00 4.838780007048339854e-02
7.063063063063062863e+00 4.749869061638907486e-02
7.072072072072072224e+00 4.662213413712346793e-02
7.081081081081080697e+00 4.575803994391335061e-02
7.090090090090090058e+00 4.490631601905124837e-02
7.099099099099099419e+00 4.406686907011989063e-02
7.108108108108107892e+00 4.323960458372101689e-02
7.117117117117117253e+00 4.242442687869271006e-02
7.126126126126125726e+00 4.162123915880035219e-02
7.135135135135135087e+00 4.082994356488300197e-02
7.144144144144144448e+00 4.005044122644325910e-02
7.153153153153152921e+00 3.928263231266407307e-02
7.162162162162162282e+00 3.852641608283956937e-02
7.171171171171170755e+00 3.778169093620744462e-02
7.180180180180180116e+00 3.704835446116876846e-02
7.189189189189189477e+00 3.632630348388512370e-02
7.198198198198197950e+00 3.561543411624005367e-02
7.207207207207207311e+00 3.491564180315481075e-02
7.216216216216215784e+00 3.422682136924869861e-02
7.225225225225225145e+00 3.354886706483271169e-02
7.234234234234234506e+00 3.288167261122939417e-02
7.243243243243242979e+00 3.222513124540882234e-02
7.252252252252252340e+00 3.157913576393313326e-02
7.261261261261260813e+00 3.094357856620307684e-02
7.270270270270270174e+00 3.031835169699791457e-02
7.279279279279279535e+00 2.970334688830436609e-02
7.288288288288288008e+00 2.909845560042692916e-02
7.297297297297297369e+00 2.850356906237524329e-02
7.306306306306305842e+00 2.791857831152402825e-02
7.315315315315315203e+00 2.734337423253993538e-02
7.324324324324324564e+00 2.677784759557321273e-02
7.333333333333333037e+00 2.622188909370951754e-02
7.342342342342342398e+00 2.567538937967960705e-02
7.351351351351350871e+00 2.513823910182507934e-02
7.360360360360360232e+00 2.461032893931691667e-02
7.369369369369369593e+00 2.409154963662714713e-02
7.378378378378378066e+00 2.358179203725120285e-02
7.387387387387387427e+00 2.308094711668096793e-02
7.396396396396395900e+00 2.258890601462911277e-02
7.405405405405405261e+00 2.210556006650355593e-02
7.414414414414414622e+00 2.163080083413440949e-02
7.423423423423423095e+00 2.116452013575336258e-02
7.432432432432432456e+00 2.070661007522744956e-02
7.441441441441441818e+00 2.025696307054956555e-02
7.450450450450450290e+00 1.981547188158731126e-02
7.459459459459459651e+00 1.938202963709308169e-02
7.468468468468468124e+00 1.895652986097898229e-02
7.477477477477477485e+00 1.853886649785892529e-02
7.486486486486486847e+00 1.812893393786263810e-02
7.495495495495495319e+00 1.772662704072496681e-02
7.504504504504504681e+00 1.733184115915486351e-02
7.513513513513513153e+00 1.694447216148943502e-02
7.522522522522522515e+00 1.656441645363682796e-02
7.531531531531531876e+00 1.619157100031447596e-02
7.540540540540540349e+00 1.582583334558728891e-02
7.549549549549549710e+00 1.546710163271187641e-02
7.558558558558558182e+00 1.511527462329340099e-02
7.567567567567567544e+00 1.477025171576026169e-02
7.576576576576576905e+00 1.443193296316442123e-02
7.585585585585585378e+00 1.410021909031317251e-02
7.594594594594594739e+00 1.377501151023972220e-02
7.603603603603603212e+00 1.345621234002017733e-02
7.612612612612612573e+00 1.314372441594344881e-02
7.621621621621621934e+00 1.283745130804275596e-02
7.630630630630630407e+00 1.253729733399562216e-02
7.639639639639639768e+00 1.224316757240075972e-02
7.648648648648648241e+00 1.195496787544012875e-02
7.657657657657657602e+00 1.167260488093389836e-02
7.666666666666666963e+00 1.139598602379743308e-02
7.675675675675675436e+00 1.112501954690827549e-02
7.684684684684684797e+00 1.085961451139209541e-02
7.693693693693693270e+00 1.059968080633665391e-02
7.702702702702702631e+00 1.034512915794207066e-02
7.711711711711711992e+00 1.009587113811723051e-02
7.720720720720720465e+00 9.851819172530791244e-03
7.729729729729729826e+00 9.612886548126279782e-03
7.738738738738738299e+00 9.378987420110822953e-03
7.747747747747747660e+00 9.150036818426238519e-03
7.756756756756757021e+00 8.925950653712707433e-03
7.765765765765765494e+00 8.706645722773827603e-03
7.774774774774774855e+00 8.492039713552930122e-03
7.783783783783783328e+00 8.282051209630337738e-03
7.792792792792792689e+00 8.076599694250747447e-03
7.801801801801802050e+00 7.875605553890921776e-03
7.810810810810810523e+00 7.678990081376871508e-03
7.819819819819819884e+00 7.486675478560393497e-03
7.828828828828828357e+00 7.298584858564867092e-03
7.837837837837837718e+00 7.114642247609438176e-03
7.846846846846847079e+00 6.934772586421902862e-03
7.855855855855855552e+00 6.758901731249442393e-03
7.864864864864864913e+00 6.586956454477080683e-03
7.873873873873873386e+00 6.418864444863590230e-03
7.882882882882882747e+00 6.254554307404082934e-03
7.891891891891892108e+00 6.093955562829278701e-03
7.900900900900900581e+00 5.936998646750640644e-03
7.909909909909909942e+00 5.783614908460922230e-03
7.918918918918919303e+00 5.633736609399747977e-03
7.927927927927927776e+00 5.487296921293291670e-03
7.936936936936937137e+00 5.344229923977541867e-03
7.945945945945945610e+00 5.204470602914451974e-03
7.954954954954954971e+00 5.067954846409935578e-03
7.963963963963964332e+00 4.934619442543078903e-03
7.972972972972972805e+00 4.804402075815400117e-03
7.981981981981982166e+00 4.677241323529122280e-03
7.990990990990990639e+00 4.553076651903561166e-03
8.000000000000000000e+00 4.431848411938007527e-03
8.009009009009009361e+00 4.313497835030210246e-03
8.018018018018018722e+00 4.197967028358742803e-03
8.027027027027028083e+00 4.085198970037927542e-03
8.036036036036035668e+00 3.975137504053685190e-03
8.045045045045045029e+00 3.867727334988493165e-03
8.054054054054054390e+00 3.762914022543945459e-03
8.063063063063061975e+00 3.660643975868646625e-03
8.072072072072071336e+00 3.560864447699551433e-03
8.081081081081080697e+00 3.463523528324866096e-03
8.090090090090090058e+00 3.368570139375809055e-03
8.099099099099099419e+00 3.275954027455250505e-03
8.108108108108108780e+00 3.185625757610562915e-03
8.117117117117118141e+00 3.097536706658149223e-03
8.126126126126125726e+00 3.011639056366938877e-03
8.135135135135135087e+00 2.927885786507906842e-03
8.144144144144144448e+00 2.846230667776920940e-03
8.153153153153152033e+00 2.766628254597481261e-03
8.162162162162161394e+00 2.689033877810350411e-03
8.171171171171170755e+00 2.613403637256830891e-03
8.180180180180180116e+00 2.539694394261950237e-03
8.189189189189189477e+00 2.467863764024185759e-03
8.198198198198198838e+00 2.397870107917956552e-03
8.207207207207208199e+00 2.329672525715000692e-03
8.216216216216215784e+00 2.263230847730714375e-03
8.225225225225225145e+00 2.198505626901270382e-03
8.234234234234234506e+00 2.135458130797459903e-03
8.243243243243242091e+00 2.074050333580673960e-03
8.252252252252251452e+00 2.014244907906649704e-03
8.261261261261260813e+00 1.956005216782466787e-03
8.270270270270270174e+00 1.899295305381811698e-03
8.279279279279279535e+00 1.844079892823850212e-03
8.288288288288288896e+00 1.790324363920595086e-03
8.297297297297298257e+00 1.737994760897673295e-03
8.306306306306305842e+00 1.687057775093260027e-03
8.315315315315315203e+00 1.637480738639715766e-03
8.324324324324324564e+00 1.589231616132580913e-03
8.333333333333332149e+00 1.542278996291112118e-03
8.342342342342341510e+00 1.496592083614704067e-03
8.351351351351350871e+00 1.452140690039378269e-03
8.360360360360360232e+00 1.408895226598199909e-03
8.369369369369369593e+00 1.366826695089605036e-03
8.378378378378378954e+00 1.325906679757384889e-03
8.387387387387388316e+00 1.286107338985946176e-03
8.396396396396395900e+00 1.247401397014395730e-03
8.405405405405405261e+00 1.209762135672829602e-03
8.414414414414414622e+00 1.173163386144200019e-03
8.423423423423422207e+00 1.137579520754835195e-03
8.432432432432431568e+00 1.102985444796732118e-03
8.441441441441440929e+00 1.069356588384648985e-03
8.450450450450450290e+00 1.036668898350720123e-03
8.459459459459459651e+00 1.004898830179426885e-03
8.468468468468469013e+00 9.740233399855432669e-04
8.477477477477478374e+00 9.440198765375694585e-04
8.486486486486487735e+00 9.148663733291088028e-04
8.495495495495495319e+00 8.865412407005019780e-04
8.504504504504504681e+00 8.590233580129227929e-04
8.513513513513512265e+00 8.322920658771571292e-04
8.522522522522521626e+00 8.063271584389495889e-04
8.531531531531530987e+00 7.811088757230255381e-04
8.540540540540540349e+00 7.566178960374910683e-04
8.549549549549549710e+00 7.328353284404591148e-04
8.558558558558559071e+00 7.097427052705204470e-04
8.567567567567568432e+00 6.873219747426633896e-04
8.576576576576577793e+00 6.655554936111110443e-04
8.585585585585585378e+00 6.444260199005081343e-04
8.594594594594594739e+00 6.239167057067412751e-04
8.603603603603602323e+00 6.040110900687122551e-04
8.612612612612611684e+00 5.846930919121152417e-04
8.621621621621621046e+00 5.659470030664359068e-04
8.630630630630630407e+00 5.477574813560719255e-04
8.639639639639639768e+00 5.301095437665769754e-04
8.648648648648649129e+00 5.129885596868767345e-04
8.657657657657658490e+00 4.963802442282530059e-04
8.666666666666667851e+00 4.802706516208181571e-04
8.675675675675675436e+00 4.646461686881545733e-04
8.684684684684684797e+00 4.494935084006842097e-04
8.693693693693692381e+00 4.347997035083598391e-04
8.702702702702701743e+00 4.205521002530599579e-04
8.711711711711711104e+00 4.067383521611975770e-04
8.720720720720720465e+00 3.933464139168089610e-04
8.729729729729729826e+00 3.803645353154745169e-04
8.738738738738739187e+00 3.677812552992853145e-04
8.747747747747748548e+00 3.555853960730558680e-04
8.756756756756757909e+00 3.437660573019138258e-04
8.765765765765765494e+00 3.323126103903538474e-04
8.774774774774774855e+00 3.212146928427862943e-04
8.783783783783782440e+00 3.104622027056015547e-04
8.792792792792791801e+00 3.000452930906410357e-04
8.801801801801801162e+00 2.899543667800431141e-04
8.810810810810810523e+00 2.801800709122669888e-04
8.819819819819819884e+00 2.707132917491477980e-04
8.828828828828829245e+00 2.615451495237519587e-04
8.837837837837838606e+00 2.526669933687769078e-04
8.846846846846847967e+00 2.440703963251986380e-04
8.855855855855855552e+00 2.357471504308454786e-04
8.864864864864864913e+00 2.276892618885215515e-04
8.873873873873872498e+00 2.198889463133135507e-04
8.882882882882881859e+00 2.123386240586136084e-04
8.891891891891891220e+00 2.050309156204512375e-04
8.900900900900900581e+00 1.979586371196125788e-04
8.909909909909909942e+00 1.911147958610590080e-04
8.918918918918919303e+00 1.844925859701042749e-04
8.927927927927928664e+00 1.780853841047893432e-04
8.936936936936938025e+00 1.718867452438746144e-04
8.945945945945945610e+00 1.658903985498427314e-04
8.954954954954954971e+00 1.600902433062833716e-04
8.963963963963964332e+00 1.544803449290277754e-04
8.972972972972971917e+00 1.490549310503505045e-04
8.981981981981981278e+00 1.438083876755639492e-04
8.990990990990990639e+00 1.387352554113206661e-04
9.000000000000000000e+00 1.338302257648853676e-04
9.009009009009009361e+00 1.290881375136669249e-04
9.018018018018018722e+00 1.245039731442621237e-04
9.027027027027026307e+00 1.200728553602559032e-04
9.036036036036035668e+00 1.157900436580120210e-04
9.045045045045045029e+00 1.116509309696835626e-04
9.054054054054054390e+00 1.076510403726462422e-04
9.063063063063063751e+00 1.037860218645656987e-04
9.072072072072071336e+00 1.000516492032945109e-04
9.081081081081080697e+00 9.644381681078120110e-05
9.090090090090090058e+00 9.295853674018742484e-05
9.099099099099099419e+00 8.959193570537115335e-05
9.108108108108108780e+00 8.634025217192071815e-05
9.117117117117116365e+00 8.319983350890126342e-05
9.126126126126125726e+00 8.016713320047418978e-05
9.135135135135135087e+00 7.723870811655814204e-05
9.144144144144144448e+00 7.441121584167713528e-05
9.153153153153153809e+00 7.168141206116114626e-05
9.162162162162161394e+00 6.904614800384880333e-05
9.171171171171170755e+00 6.650236794044614473e-05
9.180180180180180116e+00 6.404710673670108015e-05
9.189189189189189477e+00 6.167748746053908237e-05
9.198198198198198838e+00 5.939071904232128197e-05
9.207207207207206423e+00 5.718409398738243170e-05
9.216216216216215784e+00 5.505498614000216149e-05
9.225225225225225145e+00 5.300084849798012305e-05
9.234234234234234506e+00 5.101921107696969870e-05
9.243243243243243867e+00 4.910767882374418694e-05
9.252252252252251452e+00 4.726392957756492518e-05
9.261261261261260813e+00 4.548571207882619056e-05
9.270270270270270174e+00 4.377084402416063036e-05
9.279279279279279535e+00 4.211721016718392543e-05
9.288288288288288896e+00 4.052276046407489289e-05
9.297297297297296481e+00 3.898550826318323664e-05
9.306306306306305842e+00 3.750352853786630868e-05
9.315315315315315203e+00 3.607495616176628010e-05
9.324324324324324564e+00 3.469798422573595594e-05
9.333333333333333925e+00 3.337086239563830727e-05
9.342342342342341510e+00 3.209189531024545097e-05
9.351351351351350871e+00 3.085944101847085125e-05
9.360360360360360232e+00 2.967190945517991798e-05
9.369369369369369593e+00 2.852776095482413964e-05
9.378378378378378954e+00 2.742550480215867435e-05
9.387387387387386539e+00 2.636369781930829323e-05
9.396396396396395900e+00 2.534094298845310545e-05
9.405405405405405261e+00 2.435588810941878324e-05
9.414414414414414622e+00 2.340722449145640435e-05
9.423423423423423984e+00 2.249368567851420090e-05
9.432432432432431568e+00 2.161404620730555324e-05
9.441441441441440929e+00 2.076712039748936816e-05
9.450450450450450290e+00 1.995176117328815277e-05
9.459459459459459651e+00 1.916685891587507182e-05
9.468468468468469013e+00 1.841134034587345311e-05
9.477477477477476597e+00 1.768416743531977500e-05
9.486486486486485958e+00 1.698433634844935213e-05
9.495495495495495319e+00 1.631087641067660034e-05
9.504504504504504681e+00 1.566284910514521102e-05
9.513513513513514042e+00 1.503934709623851167e-05
9.522522522522521626e+00 1.443949327944619521e-05
9.531531531531530987e+00 1.386243985699306840e-05
9.540540540540540349e+00 1.330736743864753858e-05
9.549549549549549710e+00 1.277348416713162683e-05
9.558558558558559071e+00 1.226002486756915789e-05
9.567567567567566655e+00 1.176625022041433692e-05
9.576576576576576016e+00 1.129144595731315037e-05
9.585585585585585378e+00 1.083492207936061449e-05
9.594594594594594739e+00 1.039601209722328150e-05
9.603603603603604100e+00 9.974072292608173685e-06
9.612612612612611684e+00 9.568481000567454116e-06
9.621621621621621046e+00 9.178637912136289271e-06
9.630630630630630407e+00 8.803963396812827745e-06
9.639639639639639768e+00 8.443897844394989219e-06
9.648648648648649129e+00 8.097901025700355446e-06
9.657657657657656713e+00 7.765451471703018981e-06
9.666666666666666075e+00 7.446045870630029143e-06
9.675675675675675436e+00 7.139198482569863838e-06
9.684684684684684797e+00 6.844440571152009336e-06
9.693693693693694158e+00 6.561319851867456058e-06
9.702702702702701743e+00 6.289399956607086860e-06
9.711711711711711104e+00 6.028259914003437698e-06
9.720720720720720465e+00 5.777493645170769341e-06
9.729729729729729826e+00 5.536709474444599259e-06
9.738738738738739187e+00 5.305529654732035160e-06
9.747747747747748548e+00 5.083589907091142269e-06
9.756756756756756133e+00 4.870538974165798573e-06
9.765765765765765494e+00 4.666038187110339189e-06
9.774774774774774855e+00 4.469761045646698646e-06
9.783783783783784216e+00 4.281392810902933059e-06
9.792792792792793577e+00 4.100630110691359649e-06
9.801801801801801162e+00 3.927180556890863140e-06
9.810810810810810523e+00 3.760762374605474129e-06
9.819819819819819884e+00 3.601104042779316234e-06
9.828828828828829245e+00 3.447943945953992999e-06
9.837837837837838606e+00 3.301030036862573392e-06
9.846846846846846191e+00 3.160119509560943304e-06
9.855855855855855552e+00 3.024978482803810046e-06
9.864864864864864913e+00 2.895381693380265096e-06
9.873873873873874274e+00 2.771112199129265194e-06
9.882882882882883635e+00 2.651961091363082974e-06
9.891891891891891220e+00 2.537727216432450884e-06
9.900900900900900581e+00 2.428216906173671845e-06
9.909909909909909942e+00 2.323243716984525264e-06
9.918918918918919303e+00 2.222628177281141825e-06
9.927927927927928664e+00 2.126197543094844134e-06
9.936936936936936249e+00 2.033785561573357390e-06
9.945945945945945610e+00 1.945232242156668791e-06
9.954954954954954971e+00 1.860383635203774148e-06
9.963963963963964332e+00 1.779091617851639345e-06
9.972972972972973693e+00 1.701213686893674183e-06
9.981981981981981278e+00 1.626612758470142809e-06
9.990990990990990639e+00 1.555156974368132528e-06
1.000000000000000000e+01 1.486719514734297678e-06
