1.000000000000000021e-08 6.864504388573699781e-36
1.042404007021555791e-08 7.459012558926507964e-36
1.086606113854598039e-08 8.105008787718616955e-36
1.132682567136153826e-08 8.806952257744151757e-36
1.180712846666189067e-08 9.569688344574430663e-36
1.230779802506665817e-08 1.039848206325122532e-35
1.282969797894147492e-08 1.129905441167309173e-35
1.337372858212497672e-08 1.227762186154730747e-35
1.394082826282578570e-08 1.334093926950540749e-35
1.453197524236895469e-08 1.449634650459166120e-35
1.514818922258347182e-08 1.575181911398488977e-35
1.579053314474175991e-08 1.711602337669085034e-35
1.646011502308549594e-08 1.859837612523205416e-35
1.715808985610006679e-08 2.020910974827317478e-35
1.788566161883461814e-08 2.195934282288462573e-35
1.864408533970485183e-08 2.386115686400814852e-35
1.943466926536022081e-08 2.592767972091205661e-35
2.025877711735017262e-08 2.817317619630894786e-35
2.111783044448242138e-08 3.061314651366626077e-35
2.201331107493032439e-08 3.326443331241254329e-35
2.294676367231936303e-08 3.614533790961090518e-35
2.391979840020237176e-08 3.927574663063811382e-35
2.493409369951880444e-08 4.267726808090836273e-35
2.599139918382932954e-08 4.637338230620899911e-35
2.709353865732048915e-08 5.038960287128197824e-35
2.824241326078435657e-08 5.475365297545332151e-35
2.944000475100033758e-08 5.949565682101312695e-35
3.068837891917645527e-08 6.464834755533789560e-35
3.198968915434537821e-08 7.024729322214623787e-35
3.334618015786362555e-08 7.633114228160641663e-35
3.476019181541981112e-08 8.294189039408291486e-35
3.623416323323149587e-08 9.012517030909955971e-35
3.777063694539364668e-08 9.793056686058944671e-35
3.937226329963483252e-08 1.064119592428012345e-34
4.104180502904709428e-08 1.156278929295552803e-34
4.278214201767621886e-08 1.256419838041706045e-34
4.459627626819095302e-08 1.365233572897183857e-34
4.648733708020256814e-08 1.483471255108851638e-34
4.845858644816500441e-08 1.611949057812356501e-34
5.051342468816766289e-08 1.751553839949469535e-34
5.265539630332755200e-08 1.903249268120642217e-34
5.488819609789677040e-08 2.068082468631275625e-34
5.721567555063251450e-08 2.247191255650306949e-34
5.964184945842460106e-08 2.441811985376612454e-34
6.217090286163833290e-08 2.653288090429881248e-34
6.480719826311970364e-08 2.883079353378341446e-34
6.755528315331639721e-08 3.132771983418100242e-34
7.041989785449295322e-08 3.404089565762692987e-34
7.340598369757212442e-08 3.698904959326091353e-34
7.651869154570817861e-08 4.019253224828520072e-34
7.976339067929281194e-08 4.367345672567209428e-34
8.314567805772064209e-08 4.745585126823577265e-34
8.667138797389224784e-08 5.156582512276976874e-34
9.034660211810534464e-08 5.603174876920637744e-34
9.417766006869518808e-08 6.088444975892061413e-34
9.817117022752183165e-08 6.615742551405512202e-34
1.023340212191642215e-07 7.188707455681957423e-34
1.066733937734857130e-07 7.811294776494858461e-34
1.111967731120697747e-07 8.487802138774690612e-34
1.159119618598885682e-07 9.222899370736001224e-34
1.208270935044775971e-07 1.002166073931418950e-33
1.259506464258358884e-07 1.088959997743596581e-33
1.312914585212465275e-07 1.183270834491862583e-33
1.368587424502520482e-07 1.285749598573732871e-33
1.426621015260738263e-07 1.397103686715263195e-33
1.487115462808953781e-07 1.518101761091999001e-33
1.550175117335771904e-07 1.649579055366823703e-33
1.615908753895919081e-07 1.792443140273126382e-33
1.684429760042315257e-07 1.947680188544106600e-33
1.755856331414470512e-07 2.116361782436030354e-33
1.830311675620613017e-07 2.299652310839154291e-33
1.907924224765264963e-07 2.498817007040205703e-33
1.988827856988811764e-07 2.715230682622816141e-33
2.073162127401231252e-07 2.950387217798239633e-33
2.161072508808376594e-07 3.205909873680743655e-33
2.252710642645982695e-07 3.483562497696107612e-33
2.348234600554276511e-07 3.785261699477683074e-33
2.447809157044440390e-07 4.113090081304371121e-33
2.551606073727186320e-07 4.469310614414684419e-33
2.659804395593758544e-07 4.856382260442079777e-33
2.772590759860481158e-07 5.276976945812766085e-33
2.890159717909511334e-07 5.733998006287226845e-33
3.012714070881164328e-07 6.230600228976577056e-33
3.140465219496748803e-07 6.770211630193684973e-33
3.273633528715247702e-07 7.356557119482324453e-33
3.412448707852889448e-07 7.993684213190051026e-33
3.557150206821382366e-07 8.685990975100680123e-33
3.707987629168172595e-07 9.438256377016917034e-33
3.865221162631261751e-07 1.025567328889188496e-32
4.029122027951351789e-07 1.114388432626318992e-32
4.199972946715306122e-07 1.210902080246891142e-32
4.378068629038166329e-07 1.315774505456315939e-32
4.563716281924763051e-07 1.429729643513961722e-32
4.757236139187889243e-07 1.553554128758319827e-32
4.958962013837222009e-07 1.688102724977376595e-32
5.169241873891603347e-07 1.834304226114900054e-32
5.388438442608223497e-07 1.993167868051152197e-32
5.616929824163815049e-07 2.165790295724936004e-32
5.855110155867243528e-07 2.353363133698587073e-32
6.103390288028621038e-07 2.557181212434142812e-32
6.362198492657495432e-07 2.778651507076269465e-32
6.631981202212675770e-07 3.019302850457582536e-32
6.913203779678128213e-07 3.280796487388015747e-32
7.206351321293059285e-07 3.564937543098768738e-32
7.511929493320968915e-07 3.873687485024084107e-32
7.830465404301182578e-07 4.209177663963424783e-32
8.162508514287236451e-07 4.573724028119877482e-32
8.508631582640581318e-07 4.969843111610195214e-32
8.869431656014703861e-07 5.400269407843111361e-32
9.245531098233580113e-07 5.867974247725586774e-32
9.637578663841089376e-07 6.376186313049251646e-32
1.004625061717340180e-06 6.928413926702076498e-32
1.047225189888435394e-06 7.528469273620650722e-32
1.091631734193614770e-06 8.180494719733225742e-32
1.137921293915313960e-06 8.888991410633737116e-32
1.186173716452479197e-06 9.658850347471025264e-32
1.236472235053714927e-06 1.049538615464811367e-31
1.288903612390891551e-06 1.140437377251849430e-31
1.343558290220826187e-06 1.239208832846873658e-31
1.400530545393222473e-06 1.346534846173166982e-31
1.459918652473977078e-06 1.463156340113082759e-31
1.521825053264387058e-06 1.589878412088120538e-31
1.586356533508592829e-06 1.727575892773992162e-31
1.653624407094178687e-06 1.877199386341687009e-31
1.723744708063619884e-06 2.039781833941728304e-31
1.796838390767722947e-06 2.216445645763649916e-31
1.873031538506438410e-06 2.408410450931301607e-31
1.952455581016861103e-06 2.617001518762825170e-31
2.035247521183579910e-06 2.843658909562990745e-31
2.121550171362452519e-06 3.089947418156395388e-31
2.211512399725488909e-06 3.357567378847845954e-31
2.305289387051710850e-06 3.648366406448626831e-31
2.403042894406969757e-06 3.964352154476264814e-31
2.504941542174502410e-06 4.307706178665020226e-31
2.611161100917462053e-06 4.680799001562937853e-31
2.721884794575179673e-06 5.086206482292965254e-31
2.837303616516211435e-06 5.526727604576944930e-31
2.957616658993256599e-06 6.005403805924185438e-31
3.083031456568277085e-06 6.525539981540365539e-31
3.213764344100275447e-06 7.090727308090172055e-31
3.350040829913136129e-06 7.704868045028090871e-31
3.492095984787271205e-06 8.372202484885164508e-31
3.640174847446137571e-06 9.097338238758729539e-31
3.794532847236942309e-06 9.885282059399008966e-31
3.955436244734701173e-06 1.074147442183600322e-30
4.123162591029747908e-06 1.167182710056151965e-30
4.298001206490798531e-06 1.268276400300589867e-30
4.480253679829498847e-06 1.378126554157454501e-30
4.670234388327330377e-06 1.497491685098794995e-30
4.868271040122284053e-06 1.627196018427254806e-30
5.074705239490476054e-06 1.768135184966020597e-30
5.289893076098145533e-06 1.921282408207990782e-30
5.514205739240301802e-06 2.087695227707194937e-30
5.748030158125362767e-06 2.268522805206858173e-30
5.991769669310612853e-06 2.465013864032655311e-30
6.245844712439617693e-06 2.678525316663295810e-30
6.510693555481467715e-06 2.910531640155183330e-30
6.786773050723302017e-06 3.162635064277009548e-30
7.074559422819878311e-06 3.436576642837946703e-30
7.374549090259561664e-06 3.734248284810726129e-30
7.687259521663735955e-06 4.057705828499744021e-30
8.013230128396886409e-06 4.409183249231257133e-30
8.353023195026787283e-06 4.791108098897027956e-30
8.707224849239921313e-06 5.206118284220743624e-30
9.076446072885356405e-06 5.657080299896485147e-30
9.461323755890779059e-06 6.147109042834672618e-30
9.862521794868783995e-06 6.679589344715380980e-30
1.028073223830864773e-05 7.258199371966680633e-30
1.071667648032864333e-05 7.886936055239410792e-30
1.117110650504824176e-05 8.570142724532194978e-30
1.164480618372685418e-05 9.312539141427738231e-30
1.213859262690628995e-05 1.011925413654065629e-29
1.265331759388942887e-05 1.099586107836611812e-29
1.318986896198669182e-05 1.194841641938300879e-29
1.374917225806420378e-05 1.298350158664069976e-29
1.433219225503573986e-05 1.410826850729915522e-29
1.493993463605256153e-05 1.533048908485685731e-29
1.557344772926135167e-05 1.665860896926690871e-29
1.623382431612281556e-05 1.810180599400511288e-29
1.692220351641035697e-05 1.967005368562067028e-29
1.763977275314045312e-05 2.137419028659985611e-29
1.838776980082330764e-05 2.322599377075107731e-29
1.916748492056813148e-05 2.523826337205575848e-29
1.998026308572550550e-05 2.742490819330127813e-29
2.082750630190518509e-05 2.980104351015099548e-29
2.171067602537267172e-05 3.238309543996379978e-29
2.263129568399529777e-05 3.518891470301239763e-29
2.359095330508638664e-05 3.823790026719694039e-29
2.459130425468046297e-05 4.155113373634657843e-29
2.563407409296515038e-05 4.515152541723967733e-29
2.672106155079437918e-05 4.906397308207513248e-29
2.785414163241768898e-05 5.331553453188808070e-29
2.903526884977813914e-05 5.793561516294023897e-29
3.026648059395695245e-05 6.295617184311203385e-29
3.154990064958088780e-05 6.841193451954361881e-29
3.288774285825509885e-05 7.434064710301489954e-29
3.428231493733974476e-05 8.078332930970328761e-29
3.573602246065788401e-05 8.778456128799589858e-29
3.725137300800209639e-05 9.539279301799959414e-29
3.883098049059608917e-05 1.036606806454209479e-28
4.047756965997322426e-05 1.126454521008598233e-28
4.219398080805024284e-05 1.224093045616112819e-28
4.398317466650228581e-05 1.330198365372731253e-28
4.584823751389095932e-05 1.445505176044666295e-28
4.779238649935594978e-05 1.570811990815249743e-28
4.981897519205165294e-05 1.706986692229997397e-28
5.193149936590212571e-05 1.854972568284173695e-28
5.413360302965375723e-05 2.015794875021401632e-28
5.642908471262542147e-05 2.190567971739121968e-28
5.882190401699967781e-05 2.380503078954940758e-28
6.131618844795768525e-05 2.586916713706033714e-28
6.391624053344005150e-05 2.811239861564538247e-28
6.662654524581163073e-05 3.055027949990009633e-28
6.945177773823688636e-05 3.319971693345559124e-28
7.239681140910876969e-05 3.607908886117034682e-28
7.546672630843902273e-05 3.920837227642012496e-28
7.866681790071590008e-05 4.260928269028302668e-28
8.200260619934131279e-05 4.630542580972116219e-28
8.547984528840422633e-05 5.032246249936887588e-28
8.910453324821521659e-05 5.468828819688692309e-28
9.288292250172498895e-05 5.943322805575305214e-28
9.682153059967095780e-05 6.459024920260415412e-28
1.009271514630571888e-04 7.019519161969541673e-28
1.052068671023622786e-04 7.628701929761724647e-28
1.096680598336869630e-04 8.290809345012863668e-28
1.143184250129150245e-04 9.010446974296592666e-28
1.191659843098558737e-04 9.792622166297264918e-28
1.242190995452618560e-04 1.064277923442036966e-27
1.294864871145904987e-04 1.156683773752771830e-27
1.349772330233941922e-04 1.257123413387654869e-27
1.407008085602686571e-04 1.366296710805800730e-27
1.466670866343968511e-04 1.484964689770787245e-27
1.528863588058729521e-04 1.613954897620891340e-27
1.593693530381776018e-04 1.754167247975032725e-27
1.661272522034293005e-04 1.906580380221447178e-27
1.731717133723356357e-04 2.072258581969793942e-27
1.805148879221109997e-04 2.252359324834812277e-27
1.881694424970555652e-04 2.448141468495136854e-27
1.961485808579433343e-04 2.660974192969876805e-27
2.044660666579117651e-04 2.892346724519990451e-27
2.131362471841437593e-04 3.143878926554811583e-27
2.221740781062886937e-04 3.417332833455126952e-27
2.315951492743154505e-04 3.714625212367372563e-27
2.414157116103017771e-04 4.037841245837233030e-27
2.516527051405394329e-04 4.389249436699705871e-27
2.623237882163123851e-04 4.771317845999214772e-27
2.734473679737579768e-04 5.186731784955279416e-27
2.850426320853437548e-04 5.638413093202768566e-27
2.971295818577334162e-04 6.129541147817723594e-27
3.097290667331413267e-04 6.663575761094147115e-27
3.228628202536733467e-04 7.244282139778862840e-27
3.365534975507094152e-04 7.875758094631736732e-27
3.508247144239795708e-04 8.562463706892801682e-27
3.657010880777493184e-04 9.309253677667064952e-27
3.812082795843888027e-04 1.012141260754981593e-26
3.973730381485612601e-04 1.100469347719997348e-26
4.142232472483898067e-04 1.196535962523780302e-26
4.317879727332021378e-04 1.301023054802558704e-26
4.500975129608051229e-04 1.414673187683963711e-26
4.691834510607798968e-04 1.538294992194616737e-26
4.890787094139589959e-04 1.672769121046138684e-26
5.098176064420429331e-04 1.819054748595191238e-26
5.314359158053241772e-04 1.978196668290366100e-26
5.539709281106400826e-04 2.151333043887478585e-26
5.774615152359826014e-04 2.339703876181948554e-26
6.019481973827273949e-04 2.544660253025039006e-26
6.274732129711587487e-04 2.767674457016962249e-26
6.540805914998259248e-04 3.010351012567795668e-26
6.818162294944478787e-04 3.274438762058987219e-26
7.107279696773426267e-04 3.561844069700536395e-26
7.408656834939568014e-04 3.874645261450943177e-26
7.722813571388642594e-04 4.215108420144374457e-26
8.050291812295988936e-04 4.585704666859422739e-26
8.391656442830161588e-04 4.989129072686930032e-26
8.747496301554415774e-04 5.428321359542201782e-26
9.118425196146581063e-04 5.906488564666436636e-26
9.505082962189511427e-04 6.427129861138522487e-26
9.908136566858666023e-04 6.994063746252388383e-26
1.032828125941029481e-03 7.611457831208294833e-26
1.076624177045493267e-03 8.283861489446052017e-26
1.122277356208509387e-03 9.016241647362418043e-26
1.169866413101308027e-03 9.814022030381330399e-26
1.219473436696738231e-03 1.068312620969762058e-25
1.271183996869030197e-03 1.163002483083060438e-25
1.325087291997953777e-03 1.266178744479278677e-25
1.381276302832009544e-03 1.378613940662371267e-25
1.439847952876009609e-03 1.501152435473315577e-25
1.500903275579736594e-03 1.634717283847389383e-25
1.564547588616095868e-03 1.780317772120617127e-25
1.630890675549334212e-03 1.939057705247682050e-25
1.700046975206718092e-03 2.112144517654875237e-25
1.772135779080358372e-03 2.300899292618694913e-25
1.847281437099636096e-03 2.506767784123517265e-25
1.925613572129198682e-03 2.731332545211254119e-25
2.007267303562572294e-03 2.976326278003198896e-25
2.092383480396978884e-03 3.243646532973032982e-25
2.181108924191519933e-03 3.535371898819794333e-25
2.273596682327719623e-03 3.853779839581594561e-25
2.370006292009330367e-03 4.201366352618103532e-25
2.470504055456825433e-03 4.580867639960118575e-25
2.575263326771203790e-03 4.995284006488976636e-25
2.684464810961965237e-03 5.447906221701539744e-25
2.798296875655115722e-03 5.942344607697378190e-25
2.916955876018798889e-03 6.482561144780637413e-25
3.040646493467068570e-03 7.072904918021365747e-25
3.169582088726115212e-03 7.718151263622739261e-25
3.303985069871861503e-03 8.423545013382972800e-25
3.444087275973823411e-03 9.194848279360669042e-25
3.590130377007068330e-03 1.003839326952847088e-24
3.742366290721984689e-03 1.096114067926232422e-24
3.901057617190993500e-03 1.197074426355214597e-24
4.066478091781862599e-03 1.307562226147918146e-24
4.238913057338783430e-03 1.428503641849716769e-24
4.418659956385941057e-03 1.560917943417155181e-24
4.606028844202407491e-03 1.705927175412673084e-24
4.801342923653455046e-03 1.864766872598467861e-24
5.004939102700953560e-03 2.038797925108472846e-24
5.217168575554354502e-03 2.229519718789201189e-24
5.438397428464801162e-03 2.438584690048339333e-24
5.669007271207434327e-03 2.667814449770004199e-24
5.909395895340977152e-03 2.919217647695266363e-24
6.159977960380168260e-03 3.195009767287740864e-24
6.421185709064758558e-03 3.497635061680349726e-24
6.693469712958667432e-03 3.829790864019056416e-24
6.977299649665537687e-03 4.194454530586725994e-24
7.273165113001469131e-03 4.594913302722297409e-24
7.581576457522117875e-03 5.034797403980288579e-24
7.903065678861348128e-03 5.518116722453846064e-24
8.238187331399618799e-03 6.049301464971086259e-24
8.587519484845179685e-03 6.633247210250460074e-24
8.951664721378302381e-03 7.275364832354678027e-24
9.331251175078259658e-03 7.981635814215797704e-24
9.726933615426178875e-03 8.758673523929208435e-24
1.013939457675291748e-02 9.613791084245295599e-24
1.056934553557989376e-02 1.055507652854111470e-23
1.101752813788387311e-02 1.159147600484523315e-23
1.148471547840288973e-02 1.273288586351537728e-23
1.197171343418968088e-02 1.399025454420926554e-23
1.247936205471311330e-02 1.537569526409584160e-23
1.300853701090573175e-02 1.690261060202651454e-23
1.356015110565634771e-02 1.858583017276331363e-23
1.413515584835395647e-02 2.044176269141088985e-23
1.473454309619837317e-02 2.248856384086450889e-23
1.535934676510898600e-02 2.474632147420115718e-23
1.601064461318317880e-02 2.723725980915594610e-23
1.668956009978026650e-02 2.998596440259023595e-23
1.739726432343802545e-02 3.301962982838409805e-23
1.813497804196495186e-02 3.636833212136740608e-23
1.890397377819223387e-02 4.006532819127745872e-23
1.970557801501800557e-02 4.414738455241426617e-23
2.054117348353064199e-02 4.865513785424726977e-23
2.141220154815731691e-02 5.363348983269787269e-23
2.232016469295234479e-02 5.913203942749244452e-23
2.326662911331458042e-02 6.520555492331932487e-23
2.425322741760355463e-02 7.191448906605572661e-23
2.528166144331500664e-02 7.932554017354640975e-23
2.635370519267398598e-02 8.751226229551390749e-23
2.747120789270814448e-02 9.655572746999012198e-23
2.863609718508115798e-02 1.065452430634788391e-22
2.985038245118735653e-02 1.175791270563281654e-22
3.111615827824363092e-02 1.297655439291369432e-22
3.243560807235811722e-02 1.432234035038188339e-22
3.381100782480688655e-02 1.580833246752783712e-22
3.524473003801587706e-02 1.744886654151483024e-22
3.673924781802074407e-02 1.925966197135527057e-22
3.829713914046285056e-02 2.125793812215171893e-22
3.992109129748053209e-02 2.346253722357174577e-22
4.161390553316707264e-02 2.589405352960569144e-22
4.337850187558993376e-02 2.857496830095908702e-22
4.521792417370702061e-02 3.152978997335605122e-22
4.713534534786916613e-02 3.478519864053079675e-22
4.913407286296366666e-02 3.837019370554373530e-22
5.121755443364241212e-02 4.231624323397675675e-22
5.338938397147360848e-02 4.665743317319888385e-22
5.565330778427651781e-02 5.143061417909759686e-22
5.801323103833378597e-02 5.667554331156466047e-22
6.047322449462655403e-02 6.243501731927276621e-22
6.303753153071281479e-02 6.875499363037625585e-22
6.571057546036269958e-02 7.568469449731591716e-22
6.849696716357453474e-02 8.327668901105048382e-22
7.140151304013403477e-02 9.158694690495688937e-22
7.442922330043758028e-02 1.006748572160296372e-21
7.758532060787844131e-02 1.106032039687374810e-21
8.087524908770457599e-02 1.214380901067610606e-21
8.430468371788966964e-02 1.332487999362212138e-21
8.787954011821327849e-02 1.461075893828122458e-21
9.160598475443709754e-02 1.600893924328051749e-21
9.549044557518097942e-02 1.752714312597272461e-21
9.953962309984243362e-02 1.917327167783969952e-21
1.037605019766911774e-01 2.095534257687677123e-21
1.081603630310711550e-01 2.288141403360796650e-21
1.127467958244947333e-01 2.495949353940066342e-21
1.175277117462945192e-01 2.719743001568666215e-21
1.225113576604120319e-01 2.960278803988726312e-21
1.277063301308644649e-01 3.218270295856111623e-21
1.331215902504307713e-01 3.494371590159506288e-21
1.387664790981310015e-01 3.789158799473859346e-21
1.446507338521647035e-01 4.103109344324424455e-21
1.507845045861050948e-01 4.436579163831702621e-21
1.571783717773164446e-01 4.789777903109099275e-21
1.638433645577984654e-01 5.162742223485465096e-21
1.707909797389430273e-01 5.555307466147965828e-21
1.780332016430115627e-01 5.967077997492955123e-21
1.855825227755519002e-01 6.397396675074938370e-21
1.934519653744048162e-01 6.845313995637350679e-21
2.016551038724748446e-01 7.309557619574801538e-21
2.102060883130158486e-01 7.788503106620492360e-21
2.191196687578151892e-01 8.280146841759986641e-21
2.284112207303825581e-01 8.782082273267044926e-21
2.380967717380358395e-01 9.291480719889674984e-21
2.481930289186257688e-01 9.805078123710243212e-21
2.587174078595924076e-01 1.031916921977783976e-20
2.696880626390692481e-01 1.082961065267439744e-20
2.811239171408467241e-01 1.133183458207148817e-20
2.930446976972144180e-01 1.182087427171901849e-20
3.054709671159974160e-01 1.229140303668028197e-20
3.184241601504656516e-01 1.273778772009385360e-20
3.319266204733190007e-01 1.315415757289560767e-20
3.460016392185115697e-01 1.353448900998283048e-20
3.606734951574031567e-01 1.387270621032029700e-20
3.759674965785467782e-01 1.416279691776340288e-20
3.919100249433409844e-01 1.439894209179645949e-20
4.085285803928565551e-01 1.457565726873950714e-20
4.258518291843414461e-01 1.468794264900528571e-20
4.439096531392175415e-01 1.473143805906282047e-20
4.627332011878693141e-01 1.470257809198721028e-20
4.823549431001467047e-01 1.459874196099215899e-20
5.028087254942484874e-01 1.441839196672940016e-20
5.241298302206061077e-01 1.416119404666574000e-20
5.463550352214875394e-01 1.382811370967081239e-20
5.695226779712830867e-01 1.342148082297473780e-20
5.936727216069126456e-01 1.294501726378033625e-20
6.188468238624394990e-01 1.240382240910532200e-20
6.450884089267698851e-01 1.180431282650611003e-20
6.724427423484249378e-01 1.115411432705565656e-20
7.009570091165632233e-01 1.046190669748040732e-20
7.306803950529506819e-01 9.737223850430640713e-21
7.616641716552892127e-01 8.990214693064469942e-21
7.939617845382291872e-01 8.231372554050603656e-21
8.276289456246351817e-01 7.471243342695628759e-21
8.627237292461450435e-01 6.720124544240767046e-21
8.993066723187632672e-01 5.987768490186203510e-21
9.374408787663000009e-01 5.283103913508831026e-21
9.771921283717996953e-01 4.613989481870364473e-21
1.018628990244688559e+00 3.987011736718962350e-21
1.061822941099386908e+00 3.407337670353353172e-21
1.106848488549411869e+00 2.878629151315415071e-21
1.153783299629661974e+00 2.403022752356163924e-21
1.202708334768514575e+00 1.981174512236347895e-21
1.253707987440919602e+00 1.612365095331994978e-21
1.306870229743347656e+00 1.294657048673630202e-21
1.362286764141649620e+00 1.025092729956629972e-21
1.420053181653681662e+00 7.999192769253706265e-22
1.480269126739510055e+00 6.148259070049838489e-22
1.543038469183567685e+00 4.651789618557313594e-22
1.608469483265355215e+00 3.462414038513616705e-22
1.676675034527700836e+00 2.533657656143868035e-22
1.747772774464684487e+00 1.821525804931107667e-22
1.821885343465165175e+00 1.285697417204322237e-22
1.899140582361935614e+00 8.903168514699543579e-23
1.979671752951336572e+00 6.044042008258708416e-23
2.063617767863856756e+00 4.019296419291324463e-23
2.151123430182167340e+00 2.616148702224574382e-23
2.242339683219849444e+00 1.665336031438485984e-23
2.337423870891812694e+00 1.035839033604459368e-23
2.436540009125466089e+00 6.289898892017597024e-24
2.539859068780728979e+00 3.725219024433291573e-24
2.647559270567074741e+00 2.149798134675670966e-24
2.759826392466180334e+00 1.207666268404456477e-24
2.876854090190597457e+00 6.597044428126694834e-25
2.998844231231037050e+00 3.500568330802992353e-25
3.126007243068703367e+00 1.802315885089921661e-25
3.258562476153229692e+00 8.993432222568313690e-26
3.396738582272216700e+00 4.344132976700134042e-26
3.540773908965269889e+00 2.028738116157078448e-26
3.690916910662782158e+00 9.148225500870305215e-27
3.847426577258513891e+00 3.977941962966892419e-27
4.010572880855495903e+00 1.665684384253110523e-27
4.180637241455761988e+00 6.706875043936479171e-28
4.357913012397038877e+00 2.592980837414819933e-28
4.542705986374042659e+00 9.610930078119471463e-29
4.735334922917121325e+00 3.409810568030162025e-29
4.936132098237926868e+00 1.156061624560664466e-29
5.145443878390924652e+00 3.739206204652663353e-30
5.363631316739245314e+00 1.151757639954356685e-30
5.591070776755304728e+00 3.372364097357302378e-31
5.828154581230839959e+00 9.368710516857689671e-32
6.075291689016077079e+00 2.464611591616442939e-32
6.332908400455127484e+00 6.127195131876520950e-33
6.601449092734882562e+00 1.436513354141899459e-33
6.881376986415670416e+00 3.169205286497807373e-34
7.173174944465626979e+00 6.564604484505797483e-35
7.477346305177580810e+00 1.273721714728944838e-35
7.794415750404950494e+00 2.309420386003708390e-36
8.124930210614063952e+00 3.903117713074768452e-37
8.469459808314576676e+00 6.133100154507412732e-38
8.828598841495150396e+00 8.936103145172320599e-39
9.202966808760429274e+00 1.203967962575843161e-39
9.593209477938270169e+00 1.495673275671533961e-40
1.000000000000000000e+01 1.708149482058038407e-41
