1.000000000000000000e+00 0.000000000000000000e+00
1.009009009009008917e+00 3.000000000000000000e+00
1.018018018018018056e+00 3.000000000000000000e+00
1.027027027027026973e+00 3.000000000000000000e+00
1.036036036036036112e+00 3.000000000000000000e+00
1.045045045045045029e+00 3.000000000000000000e+00
1.054054054054053946e+00 3.000000000000000000e+00
1.063063063063063085e+00 3.000000000000000000e+00
1.072072072072072002e+00 3.000000000000000000e+00
1.081081081081081141e+00 3.000000000000000000e+00
1.090090090090090058e+00 3.000000000000000000e+00
1.099099099099099197e+00 3.000000000000000000e+00
1.108108108108108114e+00 3.000000000000000000e+00
1.117117117117117031e+00 3.000000000000000000e+00
1.126126126126126170e+00 3.000000000000000000e+00
1.135135135135135087e+00 3.000000000000000000e+00
1.144144144144144226e+00 3.000000000000000000e+00
1.153153153153153143e+00 3.000000000000000000e+00
1.162162162162162282e+00 3.000000000000000000e+00
1.171171171171171199e+00 3.000000000000000000e+00
1.180180180180180116e+00 3.000000000000000000e+00
1.189189189189189255e+00 3.000000000000000000e+00
1.198198198198198172e+00 3.000000000000000000e+00
1.207207207207207311e+00 3.000000000000000000e+00
1.216216216216216228e+00 3.000000000000000000e+00
1.225225225225225145e+00 3.000000000000000000e+00
1.234234234234234284e+00 3.000000000000000000e+00
1.243243243243243201e+00 3.000000000000000000e+00
1.252252252252252340e+00 3.000000000000000000e+00
1.261261261261261257e+00 3.000000000000000000e+00
1.270270270270270174e+00 3.000000000000000000e+00
1.279279279279279313e+00 3.000000000000000000e+00
1.288288288288288230e+00 3.000000000000000000e+00
1.297297297297297369e+00 3.000000000000000000e+00
1.306306306306306286e+00 3.000000000000000000e+00
1.315315315315315203e+00 3.000000000000000000e+00
1.324324324324324342e+00 3.000000000000000000e+00
1.333333333333333259e+00 3.000000000000000000e+00
1.342342342342342398e+00 3.000000000000000000e+00
1.351351351351351315e+00 3.000000000000000000e+00
1.360360360360360232e+00 3.000000000000000000e+00
1.369369369369369371e+00 3.000000000000000000e+00
1.378378378378378510e+00 3.000000000000000000e+00
1.387387387387387427e+00 3.000000000000000000e+00
1.396396396396396344e+00 3.000000000000000000e+00
1.405405405405405483e+00 3.000000000000000000e+00
1.414414414414414400e+00 3.000000000000000000e+00
1.423423423423423539e+00 3.000000000000000000e+00
1.432432432432432456e+00 3.000000000000000000e+00
1.441441441441441373e+00 3.000000000000000000e+00
1.450450450450450512e+00 3.000000000000000000e+00
1.459459459459459429e+00 3.000000000000000000e+00
1.468468468468468568e+00 3.000000000000000000e+00
1.477477477477477485e+00 3.000000000000000000e+00
1.486486486486486402e+00 3.000000000000000000e+00
1.495495495495495542e+00 3.000000000000000000e+00
1.504504504504504458e+00 3.000000000000000000e+00
1.513513513513513598e+00 3.000000000000000000e+00
1.522522522522522515e+00 3.000000000000000000e+00
1.531531531531531432e+00 3.000000000000000000e+00
1.540540540540540571e+00 3.000000000000000000e+00
1.549549549549549710e+00 3.000000000000000000e+00
1.558558558558558627e+00 3.000000000000000000e+00
1.567567567567567544e+00 3.000000000000000000e+00
1.576576576576576461e+00 3.000000000000000000e+00
1.585585585585585600e+00 3.000000000000000000e+00
1.594594594594594739e+00 3.000000000000000000e+00
1.603603603603603656e+00 3.000000000000000000e+00
1.612612612612612573e+00 3.000000000000000000e+00
1.621621621621621490e+00 3.000000000000000000e+00
1.630630630630630629e+00 3.000000000000000000e+00
1.639639639639639768e+00 3.000000000000000000e+00
1.648648648648648685e+00 3.000000000000000000e+00
1.657657657657657602e+00 3.000000000000000000e+00
1.666666666666666519e+00 3.000000000000000000e+00
1.675675675675675658e+00 3.000000000000000000e+00
1.684684684684684797e+00 3.000000000000000000e+00
1.693693693693693714e+00 3.000000000000000000e+00
1.702702702702702631e+00 3.000000000000000000e+00
1.711711711711711548e+00 3.000000000000000000e+00
1.720720720720720687e+00 3.000000000000000000e+00
1.729729729729729826e+00 3.000000000000000000e+00
1.738738738738738743e+00 3.000000000000000000e+00
1.747747747747747660e+00 3.000000000000000000e+00
1.756756756756756799e+00 3.000000000000000000e+00
1.765765765765765716e+00 3.000000000000000000e+00
1.774774774774774855e+00 3.000000000000000000e+00
1.783783783783783772e+00 3.000000000000000000e+00
1.792792792792792689e+00 3.000000000000000000e+00
1.801801801801801828e+00 3.000000000000000000e+00
1.810810810810810967e+00 3.000000000000000000e+00
1.819819819819819884e+00 3.000000000000000000e+00
1.828828828828828801e+00 3.000000000000000000e+00
1.837837837837837718e+00 3.000000000000000000e+00
1.846846846846846857e+00 3.000000000000000000e+00
1.855855855855855996e+00 3.000000000000000000e+00
1.864864864864864913e+00 3.000000000000000000e+00
1.873873873873873830e+00 3.000000000000000000e+00
1.882882882882882747e+00 3.000000000000000000e+00
1.891891891891891886e+00 3.000000000000000000e+00
1.900900900900901025e+00 3.000000000000000000e+00
1.909909909909909942e+00 3.000000000000000000e+00
1.918918918918918859e+00 3.000000000000000000e+00
1.927927927927927776e+00 3.000000000000000000e+00
1.936936936936936915e+00 3.000000000000000000e+00
1.945945945945946054e+00 3.000000000000000000e+00
1.954954954954954971e+00 3.000000000000000000e+00
1.963963963963963888e+00 3.000000000000000000e+00
1.972972972972972805e+00 3.000000000000000000e+00
1.981981981981981944e+00 3.000000000000000000e+00
1.990990990990991083e+00 3.000000000000000000e+00
2.000000000000000000e+00 3.000000000000000000e+00
2.009009009009008917e+00 3.000000000000000000e+00
2.018018018018017834e+00 3.000000000000000000e+00
2.027027027027027195e+00 3.000000000000000000e+00
2.036036036036036112e+00 3.000000000000000000e+00
2.045045045045045029e+00 3.000000000000000000e+00
2.054054054054053946e+00 3.000000000000000000e+00
2.063063063063062863e+00 3.000000000000000000e+00
2.072072072072072224e+00 3.000000000000000000e+00
2.081081081081081141e+00 3.000000000000000000e+00
2.090090090090090058e+00 3.000000000000000000e+00
2.099099099099099419e+00 3.000000000000000000e+00
2.108108108108107892e+00 3.000000000000000000e+00
2.117117117117117253e+00 3.000000000000000000e+00
2.126126126126126170e+00 3.000000000000000000e+00
2.135135135135135087e+00 3.000000000000000000e+00
2.144144144144144448e+00 3.000000000000000000e+00
2.153153153153152921e+00 3.000000000000000000e+00
2.162162162162162282e+00 3.000000000000000000e+00
2.171171171171171199e+00 3.000000000000000000e+00
2.180180180180180116e+00 3.000000000000000000e+00
2.189189189189189477e+00 3.000000000000000000e+00
2.198198198198197950e+00 3.000000000000000000e+00
2.207207207207207311e+00 3.000000000000000000e+00
2.216216216216216228e+00 3.000000000000000000e+00
2.225225225225225145e+00 3.000000000000000000e+00
2.234234234234234506e+00 3.000000000000000000e+00
2.243243243243242979e+00 3.000000000000000000e+00
2.252252252252252340e+00 3.000000000000000000e+00
2.261261261261261257e+00 3.000000000000000000e+00
2.270270270270270174e+00 3.000000000000000000e+00
2.279279279279279535e+00 3.000000000000000000e+00
2.288288288288288008e+00 3.000000000000000000e+00
2.297297297297297369e+00 3.000000000000000000e+00
2.306306306306306286e+00 3.000000000000000000e+00
2.315315315315315203e+00 3.000000000000000000e+00
2.324324324324324564e+00 3.000000000000000000e+00
2.333333333333333037e+00 3.000000000000000000e+00
2.342342342342342398e+00 3.000000000000000000e+00
2.351351351351351315e+00 3.000000000000000000e+00
2.360360360360360232e+00 3.000000000000000000e+00
2.369369369369369593e+00 3.000000000000000000e+00
2.378378378378378066e+00 3.000000000000000000e+00
2.387387387387387427e+00 3.000000000000000000e+00
2.396396396396396344e+00 3.000000000000000000e+00
2.405405405405405261e+00 3.000000000000000000e+00
2.414414414414414622e+00 3.000000000000000000e+00
2.423423423423423095e+00 3.000000000000000000e+00
2.432432432432432456e+00 3.000000000000000000e+00
2.441441441441441373e+00 3.000000000000000000e+00
2.450450450450450290e+00 3.000000000000000000e+00
2.459459459459459651e+00 3.000000000000000000e+00
2.468468468468468124e+00 3.000000000000000000e+00
2.477477477477477485e+00 3.000000000000000000e+00
2.486486486486486402e+00 3.000000000000000000e+00
2.495495495495495319e+00 3.000000000000000000e+00
2.504504504504504681e+00 3.000000000000000000e+00
2.513513513513513598e+00 3.000000000000000000e+00
2.522522522522522515e+00 3.000000000000000000e+00
2.531531531531531432e+00 3.000000000000000000e+00
2.540540540540540349e+00 3.000000000000000000e+00
2.549549549549549710e+00 3.000000000000000000e+00
2.558558558558558627e+00 3.000000000000000000e+00
2.567567567567567544e+00 3.000000000000000000e+00
2.576576576576576461e+00 3.000000000000000000e+00
2.585585585585585378e+00 3.000000000000000000e+00
2.594594594594594739e+00 3.000000000000000000e+00
2.603603603603603656e+00 3.000000000000000000e+00
2.612612612612612573e+00 3.000000000000000000e+00
2.621621621621621934e+00 3.000000000000000000e+00
2.630630630630630407e+00 3.000000000000000000e+00
2.639639639639639768e+00 3.000000000000000000e+00
2.648648648648648685e+00 3.000000000000000000e+00
2.657657657657657602e+00 3.000000000000000000e+00
2.666666666666666963e+00 3.000000000000000000e+00
2.675675675675675436e+00 3.000000000000000000e+00
2.684684684684684797e+00 3.000000000000000000e+00
2.693693693693693714e+00 3.000000000000000000e+00
2.702702702702702631e+00 3.000000000000000000e+00
2.711711711711711992e+00 3.000000000000000000e+00
2.720720720720720465e+00 3.000000000000000000e+00
2.729729729729729826e+00 3.000000000000000000e+00
2.738738738738738743e+00 3.000000000000000000e+00
2.747747747747747660e+00 3.000000000000000000e+00
2.756756756756757021e+00 3.000000000000000000e+00
2.765765765765765494e+00 3.000000000000000000e+00
2.774774774774774855e+00 3.000000000000000000e+00
2.783783783783783772e+00 3.000000000000000000e+00
2.792792792792792689e+00 3.000000000000000000e+00
2.801801801801802050e+00 3.000000000000000000e+00
2.810810810810810523e+00 3.000000000000000000e+00
2.819819819819819884e+00 3.000000000000000000e+00
2.828828828828828801e+00 3.000000000000000000e+00
2.837837837837837718e+00 3.000000000000000000e+00
2.846846846846847079e+00 3.000000000000000000e+00
2.855855855855855552e+00 3.000000000000000000e+00
2.864864864864864913e+00 3.000000000000000000e+00
2.873873873873873830e+00 3.000000000000000000e+00
2.882882882882882747e+00 3.000000000000000000e+00
2.891891891891892108e+00 3.000000000000000000e+00
2.900900900900900581e+00 3.000000000000000000e+00
2.909909909909909942e+00 3.000000000000000000e+00
2.918918918918918859e+00 3.000000000000000000e+00
2.927927927927927776e+00 3.000000000000000000e+00
2.936936936936937137e+00 3.000000000000000000e+00
2.945945945945945610e+00 3.000000000000000000e+00
2.954954954954954971e+00 3.000000000000000000e+00
2.963963963963963888e+00 3.000000000000000000e+00
2.972972972972972805e+00 3.000000000000000000e+00
2.981981981981982166e+00 3.000000000000000000e+00
2.990990990990991083e+00 3.000000000000000000e+00
3.000000000000000000e+00 3.000000000000000000e+00
3.009009009009008917e+00 3.000000000000000000e+00
3.018018018018017834e+00 3.000000000000000000e+00
3.027027027027027195e+00 3.000000000000000000e+00
3.036036036036036112e+00 3.000000000000000000e+00
3.045045045045045029e+00 3.000000000000000000e+00
3.054054054054053946e+00 3.000000000000000000e+00
3.063063063063062863e+00 3.000000000000000000e+00
3.072072072072072224e+00 3.000000000000000000e+00
3.081081081081081141e+00 3.000000000000000000e+00
3.090090090090090058e+00 3.000000000000000000e+00
3.099099099099098975e+00 3.000000000000000000e+00
3.108108108108107892e+00 3.000000000000000000e+00
3.117117117117117253e+00 3.000000000000000000e+00
3.126126126126126170e+00 3.000000000000000000e+00
3.135135135135135087e+00 3.000000000000000000e+00
3.144144144144144004e+00 3.000000000000000000e+00
3.153153153153152921e+00 3.000000000000000000e+00
3.162162162162162282e+00 3.000000000000000000e+00
3.171171171171171199e+00 3.000000000000000000e+00
3.180180180180180116e+00 3.000000000000000000e+00
3.189189189189189033e+00 3.000000000000000000e+00
3.198198198198198394e+00 3.000000000000000000e+00
3.207207207207207311e+00 3.000000000000000000e+00
3.216216216216216228e+00 3.000000000000000000e+00
3.225225225225225145e+00 3.000000000000000000e+00
3.234234234234234062e+00 3.000000000000000000e+00
3.243243243243243423e+00 3.000000000000000000e+00
3.252252252252252340e+00 3.000000000000000000e+00
3.261261261261261257e+00 3.000000000000000000e+00
3.270270270270270174e+00 3.000000000000000000e+00
3.279279279279279091e+00 3.000000000000000000e+00
3.288288288288288452e+00 3.000000000000000000e+00
3.297297297297297369e+00 3.000000000000000000e+00
3.306306306306306286e+00 3.000000000000000000e+00
3.315315315315315203e+00 3.000000000000000000e+00
3.324324324324324120e+00 3.000000000000000000e+00
3.333333333333333481e+00 3.000000000000000000e+00
3.342342342342342398e+00 3.000000000000000000e+00
3.351351351351351315e+00 3.000000000000000000e+00
3.360360360360360232e+00 3.000000000000000000e+00
3.369369369369369149e+00 3.000000000000000000e+00
3.378378378378378510e+00 3.000000000000000000e+00
3.387387387387387427e+00 3.000000000000000000e+00
3.396396396396396344e+00 3.000000000000000000e+00
3.405405405405405261e+00 3.000000000000000000e+00
3.414414414414414178e+00 3.000000000000000000e+00
3.423423423423423539e+00 3.000000000000000000e+00
3.432432432432432456e+00 3.000000000000000000e+00
3.441441441441441373e+00 3.000000000000000000e+00
3.450450450450450290e+00 3.000000000000000000e+00
3.459459459459459651e+00 3.000000000000000000e+00
3.468468468468468568e+00 3.000000000000000000e+00
3.477477477477477485e+00 3.000000000000000000e+00
3.486486486486486402e+00 3.000000000000000000e+00
3.495495495495495319e+00 3.000000000000000000e+00
3.504504504504504681e+00 3.000000000000000000e+00
3.513513513513513598e+00 3.000000000000000000e+00
3.522522522522522515e+00 3.000000000000000000e+00
3.531531531531531432e+00 3.000000000000000000e+00
3.540540540540540349e+00 3.000000000000000000e+00
3.549549549549549710e+00 3.000000000000000000e+00
3.558558558558558627e+00 3.000000000000000000e+00
3.567567567567567544e+00 3.000000000000000000e+00
3.576576576576576461e+00 3.000000000000000000e+00
3.585585585585585378e+00 3.000000000000000000e+00
3.594594594594594739e+00 3.000000000000000000e+00
3.603603603603603656e+00 3.000000000000000000e+00
3.612612612612612573e+00 3.000000000000000000e+00
3.621621621621621490e+00 3.000000000000000000e+00
3.630630630630630407e+00 3.000000000000000000e+00
3.639639639639639768e+00 3.000000000000000000e+00
3.648648648648648685e+00 3.000000000000000000e+00
3.657657657657657602e+00 3.000000000000000000e+00
3.666666666666666519e+00 3.000000000000000000e+00
3.675675675675675436e+00 3.000000000000000000e+00
3.684684684684684797e+00 3.000000000000000000e+00
3.693693693693693714e+00 3.000000000000000000e+00
3.702702702702702631e+00 3.000000000000000000e+00
3.711711711711711548e+00 3.000000000000000000e+00
3.720720720720720909e+00 3.000000000000000000e+00
3.729729729729729826e+00 3.000000000000000000e+00
3.738738738738738743e+00 3.000000000000000000e+00
3.747747747747747660e+00 3.000000000000000000e+00
3.756756756756756577e+00 3.000000000000000000e+00
3.765765765765765938e+00 3.000000000000000000e+00
3.774774774774774855e+00 3.000000000000000000e+00
3.783783783783783772e+00 3.000000000000000000e+00
3.792792792792792689e+00 3.000000000000000000e+00
3.801801801801801606e+00 3.000000000000000000e+00
3.810810810810810967e+00 3.000000000000000000e+00
3.819819819819819884e+00 3.000000000000000000e+00
3.828828828828828801e+00 3.000000000000000000e+00
3.837837837837837718e+00 3.000000000000000000e+00
3.846846846846846635e+00 3.000000000000000000e+00
3.855855855855855996e+00 3.000000000000000000e+00
3.864864864864864913e+00 3.000000000000000000e+00
3.873873873873873830e+00 3.000000000000000000e+00
3.882882882882882747e+00 3.000000000000000000e+00
3.891891891891891664e+00 3.000000000000000000e+00
3.900900900900901025e+00 3.000000000000000000e+00
3.909909909909909942e+00 3.000000000000000000e+00
3.918918918918918859e+00 3.000000000000000000e+00
3.927927927927927776e+00 3.000000000000000000e+00
3.936936936936936693e+00 3.000000000000000000e+00
3.945945945945946054e+00 3.000000000000000000e+00
3.954954954954954971e+00 3.000000000000000000e+00
3.963963963963963888e+00 3.000000000000000000e+00
3.972972972972972805e+00 3.000000000000000000e+00
3.981981981981982166e+00 3.000000000000000000e+00
3.990990990990991083e+00 3.000000000000000000e+00
4.000000000000000000e+00 3.000000000000000000e+00
4.009009009009009361e+00 3.000000000000000000e+00
4.018018018018017834e+00 3.000000000000000000e+00
4.027027027027027195e+00 3.000000000000000000e+00
4.036036036036035668e+00 3.000000000000000000e+00
4.045045045045045029e+00 3.000000000000000000e+00
4.054054054054054390e+00 3.000000000000000000e+00
4.063063063063062863e+00 3.000000000000000000e+00
4.072072072072072224e+00 3.000000000000000000e+00
4.081081081081080697e+00 3.000000000000000000e+00
4.090090090090090058e+00 3.000000000000000000e+00
4.099099099099099419e+00 3.000000000000000000e+00
4.108108108108107892e+00 3.000000000000000000e+00
4.117117117117117253e+00 3.000000000000000000e+00
4.126126126126125726e+00 3.000000000000000000e+00
4.135135135135135087e+00 3.000000000000000000e+00
4.144144144144144448e+00 3.000000000000000000e+00
4.153153153153152921e+00 3.000000000000000000e+00
4.162162162162162282e+00 3.000000000000000000e+00
4.171171171171170755e+00 3.000000000000000000e+00
4.180180180180180116e+00 3.000000000000000000e+00
4.189189189189189477e+00 3.000000000000000000e+00
4.198198198198197950e+00 3.000000000000000000e+00
4.207207207207207311e+00 3.000000000000000000e+00
4.216216216216215784e+00 3.000000000000000000e+00
4.225225225225225145e+00 3.000000000000000000e+00
4.234234234234234506e+00 3.000000000000000000e+00
4.243243243243243867e+00 3.000000000000000000e+00
4.252252252252252340e+00 3.000000000000000000e+00
4.261261261261260813e+00 3.000000000000000000e+00
4.270270270270270174e+00 3.000000000000000000e+00
4.279279279279279535e+00 3.000000000000000000e+00
4.288288288288288896e+00 3.000000000000000000e+00
4.297297297297297369e+00 3.000000000000000000e+00
4.306306306306305842e+00 3.000000000000000000e+00
4.315315315315315203e+00 3.000000000000000000e+00
4.324324324324324564e+00 3.000000000000000000e+00
4.333333333333333925e+00 3.000000000000000000e+00
4.342342342342342398e+00 3.000000000000000000e+00
4.351351351351350871e+00 3.000000000000000000e+00
4.360360360360360232e+00 3.000000000000000000e+00
4.369369369369369593e+00 3.000000000000000000e+00
4.378378378378378954e+00 3.000000000000000000e+00
4.387387387387387427e+00 3.000000000000000000e+00
4.396396396396395900e+00 3.000000000000000000e+00
4.405405405405405261e+00 3.000000000000000000e+00
4.414414414414414622e+00 3.000000000000000000e+00
4.423423423423423984e+00 3.000000000000000000e+00
4.432432432432432456e+00 3.000000000000000000e+00
4.441441441441440929e+00 3.000000000000000000e+00
4.450450450450450290e+00 3.000000000000000000e+00
4.459459459459459651e+00 3.000000000000000000e+00
4.468468468468469013e+00 3.000000000000000000e+00
4.477477477477477485e+00 3.000000000000000000e+00
4.486486486486485958e+00 3.000000000000000000e+00
4.495495495495495319e+00 3.000000000000000000e+00
4.504504504504504681e+00 3.000000000000000000e+00
4.513513513513514042e+00 3.000000000000000000e+00
4.522522522522522515e+00 3.000000000000000000e+00
4.531531531531530987e+00 3.000000000000000000e+00
4.540540540540540349e+00 3.000000000000000000e+00
4.549549549549549710e+00 3.000000000000000000e+00
4.558558558558559071e+00 3.000000000000000000e+00
4.567567567567567544e+00 3.000000000000000000e+00
4.576576576576576016e+00 3.000000000000000000e+00
4.585585585585585378e+00 3.000000000000000000e+00
4.594594594594594739e+00 3.000000000000000000e+00
4.603603603603604100e+00 3.000000000000000000e+00
4.612612612612612573e+00 3.000000000000000000e+00
4.621621621621621046e+00 3.000000000000000000e+00
4.630630630630630407e+00 3.000000000000000000e+00
4.639639639639639768e+00 3.000000000000000000e+00
4.648648648648649129e+00 3.000000000000000000e+00
4.657657657657657602e+00 3.000000000000000000e+00
4.666666666666666075e+00 3.000000000000000000e+00
4.675675675675675436e+00 3.000000000000000000e+00
4.684684684684684797e+00 3.000000000000000000e+00
4.693693693693694158e+00 3.000000000000000000e+00
4.702702702702702631e+00 3.000000000000000000e+00
4.711711711711711104e+00 3.000000000000000000e+00
4.720720720720720465e+00 3.000000000000000000e+00
4.729729729729729826e+00 3.000000000000000000e+00
4.738738738738739187e+00 3.000000000000000000e+00
4.747747747747747660e+00 3.000000000000000000e+00
4.756756756756756133e+00 3.000000000000000000e+00
4.765765765765765494e+00 3.000000000000000000e+00
4.774774774774774855e+00 3.000000000000000000e+00
4.783783783783784216e+00 3.000000000000000000e+00
4.792792792792792689e+00 3.000000000000000000e+00
4.801801801801801162e+00 3.000000000000000000e+00
4.810810810810810523e+00 3.000000000000000000e+00
4.819819819819819884e+00 3.000000000000000000e+00
4.828828828828829245e+00 3.000000000000000000e+00
4.837837837837837718e+00 3.000000000000000000e+00
4.846846846846846191e+00 3.000000000000000000e+00
4.855855855855855552e+00 3.000000000000000000e+00
4.864864864864864913e+00 3.000000000000000000e+00
4.873873873873874274e+00 3.000000000000000000e+00
4.882882882882882747e+00 3.000000000000000000e+00
4.891891891891891220e+00 3.000000000000000000e+00
4.900900900900900581e+00 3.000000000000000000e+00
4.909909909909909942e+00 3.000000000000000000e+00
4.918918918918919303e+00 3.000000000000000000e+00
4.927927927927927776e+00 3.000000000000000000e+00
4.936936936936936249e+00 3.000000000000000000e+00
4.945945945945945610e+00 3.000000000000000000e+00
4.954954954954954971e+00 3.000000000000000000e+00
4.963963963963964332e+00 3.000000000000000000e+00
4.972972972972972805e+00 3.000000000000000000e+00
4.981981981981982166e+00 3.000000000000000000e+00
4.990990990990990639e+00 3.000000000000000000e+00
5.000000000000000000e+00 3.000000000000000000e+00
5.009009009009009361e+00 3.000000000000000000e+00
5.018018018018017834e+00 3.000000000000000000e+00
5.027027027027027195e+00 3.000000000000000000e+00
5.036036036036035668e+00 3.000000000000000000e+00
5.045045045045045029e+00 3.000000000000000000e+00
5.054054054054054390e+00 3.000000000000000000e+00
5.063063063063062863e+00 3.000000000000000000e+00
5.072072072072072224e+00 3.000000000000000000e+00
5.081081081081080697e+00 3.000000000000000000e+00
5.090090090090090058e+00 3.000000000000000000e+00
5.099099099099099419e+00 3.000000000000000000e+00
5.108108108108107892e+00 3.000000000000000000e+00
5.117117117117117253e+00 3.000000000000000000e+00
5.126126126126125726e+00 3.000000000000000000e+00
5.135135135135135087e+00 3.000000000000000000e+00
5.144144144144144448e+00 3.000000000000000000e+00
5.153153153153152921e+00 3.000000000000000000e+00
5.162162162162162282e+00 3.000000000000000000e+00
5.171171171171170755e+00 3.000000000000000000e+00
5.180180180180180116e+00 3.000000000000000000e+00
5.189189189189189477e+00 3.000000000000000000e+00
5.198198198198197950e+00 3.000000000000000000e+00
5.207207207207207311e+00 3.000000000000000000e+00
5.216216216216215784e+00 3.000000000000000000e+00
5.225225225225225145e+00 3.000000000000000000e+00
5.234234234234234506e+00 3.000000000000000000e+00
5.243243243243242979e+00 3.000000000000000000e+00
5.252252252252252340e+00 3.000000000000000000e+00
5.261261261261260813e+00 3.000000000000000000e+00
5.270270270270270174e+00 3.000000000000000000e+00
5.279279279279279535e+00 3.000000000000000000e+00
5.288288288288288008e+00 3.000000000000000000e+00
5.297297297297297369e+00 3.000000000000000000e+00
5.306306306306305842e+00 3.000000000000000000e+00
5.315315315315315203e+00 3.000000000000000000e+00
5.324324324324324564e+00 3.000000000000000000e+00
5.333333333333333037e+00 3.000000000000000000e+00
5.342342342342342398e+00 3.000000000000000000e+00
5.351351351351350871e+00 3.000000000000000000e+00
5.360360360360360232e+00 3.000000000000000000e+00
5.369369369369369593e+00 3.000000000000000000e+00
5.378378378378378066e+00 3.000000000000000000e+00
5.387387387387387427e+00 3.000000000000000000e+00
5.396396396396396788e+00 3.000000000000000000e+00
5.405405405405405261e+00 3.000000000000000000e+00
5.414414414414414622e+00 3.000000000000000000e+00
5.423423423423423095e+00 3.000000000000000000e+00
5.432432432432432456e+00 3.000000000000000000e+00
5.441441441441441818e+00 3.000000000000000000e+00
5.450450450450450290e+00 3.000000000000000000e+00
5.459459459459459651e+00 3.000000000000000000e+00
5.468468468468468124e+00 3.000000000000000000e+00
5.477477477477477485e+00 3.000000000000000000e+00
5.486486486486486847e+00 3.000000000000000000e+00
5.495495495495495319e+00 3.000000000000000000e+00
5.504504504504504681e+00 3.000000000000000000e+00
5.513513513513513153e+00 3.000000000000000000e+00
5.522522522522522515e+00 3.000000000000000000e+00
5.531531531531531876e+00 3.000000000000000000e+00
5.540540540540540349e+00 3.000000000000000000e+00
5.549549549549549710e+00 3.000000000000000000e+00
5.558558558558558182e+00 3.000000000000000000e+00
5.567567567567567544e+00 3.000000000000000000e+00
5.576576576576576905e+00 3.000000000000000000e+00
5.585585585585585378e+00 3.000000000000000000e+00
5.594594594594594739e+00 3.000000000000000000e+00
5.603603603603603212e+00 3.000000000000000000e+00
5.612612612612612573e+00 3.000000000000000000e+00
5.621621621621621934e+00 3.000000000000000000e+00
5.630630630630630407e+00 3.000000000000000000e+00
5.639639639639639768e+00 3.000000000000000000e+00
5.648648648648648241e+00 3.000000000000000000e+00
5.657657657657657602e+00 3.000000000000000000e+00
5.666666666666666963e+00 3.000000000000000000e+00
5.675675675675675436e+00 3.000000000000000000e+00
5.684684684684684797e+00 3.000000000000000000e+00
5.693693693693693270e+00 3.000000000000000000e+00
5.702702702702702631e+00 3.000000000000000000e+00
5.711711711711711992e+00 3.000000000000000000e+00
5.720720720720720465e+00 3.000000000000000000e+00
5.729729729729729826e+00 3.000000000000000000e+00
5.738738738738738299e+00 3.000000000000000000e+00
5.747747747747747660e+00 3.000000000000000000e+00
5.756756756756757021e+00 3.000000000000000000e+00
5.765765765765765494e+00 3.000000000000000000e+00
5.774774774774774855e+00 3.000000000000000000e+00
5.783783783783783328e+00 3.000000000000000000e+00
5.792792792792792689e+00 3.000000000000000000e+00
5.801801801801802050e+00 3.000000000000000000e+00
5.810810810810810523e+00 3.000000000000000000e+00
5.819819819819819884e+00 3.000000000000000000e+00
5.828828828828828357e+00 3.000000000000000000e+00
5.837837837837837718e+00 3.000000000000000000e+00
5.846846846846847079e+00 3.000000000000000000e+00
5.855855855855855552e+00 3.000000000000000000e+00
5.864864864864864913e+00 3.000000000000000000e+00
5.873873873873874274e+00 3.000000000000000000e+00
5.882882882882882747e+00 3.000000000000000000e+00
5.891891891891892108e+00 3.000000000000000000e+00
5.900900900900900581e+00 3.000000000000000000e+00
5.909909909909909942e+00 3.000000000000000000e+00
5.918918918918919303e+00 3.000000000000000000e+00
5.927927927927927776e+00 3.000000000000000000e+00
5.936936936936937137e+00 3.000000000000000000e+00
5.945945945945945610e+00 3.000000000000000000e+00
5.954954954954954971e+00 3.000000000000000000e+00
5.963963963963964332e+00 3.000000000000000000e+00
5.972972972972972805e+00 3.000000000000000000e+00
5.981981981981982166e+00 3.000000000000000000e+00
5.990990990990990639e+00 3.000000000000000000e+00
6.000000000000000000e+00 3.000000000000000000e+00
6.009009009009009361e+00 3.000000000000000000e+00
6.018018018018017834e+00 3.000000000000000000e+00
6.027027027027027195e+00 3.000000000000000000e+00
6.036036036036035668e+00 3.000000000000000000e+00
6.045045045045045029e+00 3.000000000000000000e+00
6.054054054054054390e+00 3.000000000000000000e+00
6.063063063063062863e+00 3.000000000000000000e+00
6.072072072072072224e+00 3.000000000000000000e+00
6.081081081081080697e+00 3.000000000000000000e+00
6.090090090090090058e+00 3.000000000000000000e+00
6.099099099099099419e+00 3.000000000000000000e+00
6.108108108108107892e+00 3.000000000000000000e+00
6.117117117117117253e+00 3.000000000000000000e+00
6.126126126126125726e+00 3.000000000000000000e+00
6.135135135135135087e+00 3.000000000000000000e+00
6.144144144144144448e+00 3.000000000000000000e+00
6.153153153153152921e+00 3.000000000000000000e+00
6.162162162162162282e+00 3.000000000000000000e+00
6.171171171171170755e+00 3.000000000000000000e+00
6.180180180180180116e+00 3.000000000000000000e+00
6.189189189189189477e+00 3.000000000000000000e+00
6.198198198198197950e+00 3.000000000000000000e+00
6.207207207207207311e+00 3.000000000000000000e+00
6.216216216216215784e+00 3.000000000000000000e+00
6.225225225225225145e+00 3.000000000000000000e+00
6.234234234234234506e+00 3.000000000000000000e+00
6.243243243243242979e+00 3.000000000000000000e+00
6.252252252252252340e+00 3.000000000000000000e+00
6.261261261261260813e+00 3.000000000000000000e+00
6.270270270270270174e+00 3.000000000000000000e+00
6.279279279279279535e+00 3.000000000000000000e+00
6.288288288288288008e+00 3.000000000000000000e+00
6.297297297297297369e+00 3.000000000000000000e+00
6.306306306306305842e+00 3.000000000000000000e+00
6.315315315315315203e+00 3.000000000000000000e+00
6.324324324324324564e+00 3.000000000000000000e+00
6.333333333333333037e+00 3.000000000000000000e+00
6.342342342342342398e+00 3.000000000000000000e+00
6.351351351351350871e+00 3.000000000000000000e+00
6.360360360360360232e+00 3.000000000000000000e+00
6.369369369369369593e+00 3.000000000000000000e+00
6.378378378378378066e+00 3.000000000000000000e+00
6.387387387387387427e+00 3.000000000000000000e+00
6.396396396396396788e+00 3.000000000000000000e+00
6.405405405405405261e+00 3.000000000000000000e+00
6.414414414414414622e+00 3.000000000000000000e+00
6.423423423423423095e+00 3.000000000000000000e+00
6.432432432432432456e+00 3.000000000000000000e+00
6.441441441441441818e+00 3.000000000000000000e+00
6.450450450450450290e+00 3.000000000000000000e+00
6.459459459459459651e+00 3.000000000000000000e+00
6.468468468468468124e+00 3.000000000000000000e+00
6.477477477477477485e+00 3.000000000000000000e+00
6.486486486486486847e+00 3.000000000000000000e+00
6.495495495495495319e+00 3.000000000000000000e+00
6.504504504504504681e+00 3.000000000000000000e+00
6.513513513513513153e+00 3.000000000000000000e+00
6.522522522522522515e+00 3.000000000000000000e+00
6.531531531531531876e+00 3.000000000000000000e+00
6.540540540540540349e+00 3.000000000000000000e+00
6.549549549549549710e+00 3.000000000000000000e+00
6.558558558558558182e+00 3.000000000000000000e+00
6.567567567567567544e+00 3.000000000000000000e+00
6.576576576576576905e+00 3.000000000000000000e+00
6.585585585585585378e+00 3.000000000000000000e+00
6.594594594594594739e+00 3.000000000000000000e+00
6.603603603603603212e+00 3.000000000000000000e+00
6.612612612612612573e+00 3.000000000000000000e+00
6.621621621621621934e+00 3.000000000000000000e+00
6.630630630630630407e+00 3.000000000000000000e+00
6.639639639639639768e+00 3.000000000000000000e+00
6.648648648648648241e+00 3.000000000000000000e+00
6.657657657657657602e+00 3.000000000000000000e+00
6.666666666666666963e+00 3.000000000000000000e+00
6.675675675675675436e+00 3.000000000000000000e+00
6.684684684684684797e+00 3.000000000000000000e+00
6.693693693693693270e+00 3.000000000000000000e+00
6.702702702702702631e+00 3.000000000000000000e+00
6.711711711711711992e+00 3.000000000000000000e+00
6.720720720720720465e+00 3.000000000000000000e+00
6.729729729729729826e+00 3.000000000000000000e+00
6.738738738738738299e+00 3.000000000000000000e+00
6.747747747747747660e+00 3.000000000000000000e+00
6.756756756756757021e+00 3.000000000000000000e+00
6.765765765765765494e+00 3.000000000000000000e+00
6.774774774774774855e+00 3.000000000000000000e+00
6.783783783783783328e+00 3.000000000000000000e+00
6.792792792792792689e+00 3.000000000000000000e+00
6.801801801801802050e+00 3.000000000000000000e+00
6.810810810810810523e+00 3.000000000000000000e+00
6.819819819819819884e+00 3.000000000000000000e+00
6.828828828828828357e+00 3.000000000000000000e+00
6.837837837837837718e+00 3.000000000000000000e+00
6.846846846846847079e+00 3.000000000000000000e+00
6.855855855855855552e+00 3.000000000000000000e+00
6.864864864864864913e+00 3.000000000000000000e+00
6.873873873873873386e+00 3.000000000000000000e+00
6.882882882882882747e+00 3.000000000000000000e+00
6.891891891891892108e+00 3.000000000000000000e+00
6.900900900900900581e+00 3.000000000000000000e+00
6.909909909909909942e+00 3.000000000000000000e+00
6.918918918918919303e+00 3.000000000000000000e+00
6.927927927927927776e+00 3.000000000000000000e+00
6.936936936936937137e+00 3.000000000000000000e+00
6.945945945945945610e+00 3.000000000000000000e+00
6.954954954954954971e+00 3.000000000000000000e+00
6.963963963963964332e+00 3.000000000000000000e+00
6.972972972972972805e+00 3.000000000000000000e+00
6.981981981981982166e+00 3.000000000000000000e+00
6.990990990990990639e+00 3.000000000000000000e+00
7.000000000000000000e+00 3.000000000000000000e+00
7.009009009009009361e+00 3.000000000000000000e+00
7.018018018018017834e+00 3.000000000000000000e+00
7.027027027027027195e+00 3.000000000000000000e+00
7.036036036036035668e+00 3.000000000000000000e+00
7.045045045045045029e+00 3.000000000000000000e+00
7.054054054054054390e+00 3.000000000000000000e+00
7.063063063063062863e+00 3.000000000000000000e+00
7.072072072072072224e+00 3.000000000000000000e+00
7.081081081081080697e+00 3.000000000000000000e+00
7.090090090090090058e+00 3.000000000000000000e+00
7.099099099099099419e+00 3.000000000000000000e+00
7.108108108108107892e+00 3.000000000000000000e+00
7.117117117117117253e+00 3.000000000000000000e+00
7.126126126126125726e+00 3.000000000000000000e+00
7.135135135135135087e+00 3.000000000000000000e+00
7.144144144144144448e+00 3.000000000000000000e+00
7.153153153153152921e+00 3.000000000000000000e+00
7.162162162162162282e+00 3.000000000000000000e+00
7.171171171171170755e+00 3.000000000000000000e+00
7.180180180180180116e+00 3.000000000000000000e+00
7.189189189189189477e+00 3.000000000000000000e+00
7.198198198198197950e+00 3.000000000000000000e+00
7.207207207207207311e+00 3.000000000000000000e+00
7.216216216216215784e+00 3.000000000000000000e+00
7.225225225225225145e+00 3.000000000000000000e+00
7.234234234234234506e+00 3.000000000000000000e+00
7.243243243243242979e+00 3.000000000000000000e+00
7.252252252252252340e+00 3.000000000000000000e+00
7.261261261261260813e+00 3.000000000000000000e+00
7.270270270270270174e+00 3.000000000000000000e+00
7.279279279279279535e+00 3.000000000000000000e+00
7.288288288288288008e+00 3.000000000000000000e+00
7.297297297297297369e+00 3.000000000000000000e+00
7.306306306306305842e+00 3.000000000000000000e+00
7.315315315315315203e+00 3.000000000000000000e+00
7.324324324324324564e+00 3.000000000000000000e+00
7.333333333333333037e+00 3.000000000000000000e+00
7.342342342342342398e+00 3.000000000000000000e+00
7.351351351351350871e+00 3.000000000000000000e+00
7.360360360360360232e+00 3.000000000000000000e+00
7.369369369369369593e+00 3.000000000000000000e+00
7.378378378378378066e+00 3.000000000000000000e+00
7.387387387387387427e+00 3.000000000000000000e+00
7.396396396396395900e+00 3.000000000000000000e+00
7.405405405405405261e+00 3.000000000000000000e+00
7.414414414414414622e+00 3.000000000000000000e+00
7.423423423423423095e+00 3.000000000000000000e+00
7.432432432432432456e+00 3.000000000000000000e+00
7.441441441441441818e+00 3.000000000000000000e+00
7.450450450450450290e+00 3.000000000000000000e+00
7.459459459459459651e+00 3.000000000000000000e+00
7.468468468468468124e+00 3.000000000000000000e+00
7.477477477477477485e+00 3.000000000000000000e+00
7.486486486486486847e+00 3.000000000000000000e+00
7.495495495495495319e+00 3.000000000000000000e+00
7.504504504504504681e+00 3.000000000000000000e+00
7.513513513513513153e+00 3.000000000000000000e+00
7.522522522522522515e+00 3.000000000000000000e+00
7.531531531531531876e+00 3.000000000000000000e+00
7.540540540540540349e+00 3.000000000000000000e+00
7.549549549549549710e+00 3.000000000000000000e+00
7.558558558558558182e+00 3.000000000000000000e+00
7.567567567567567544e+00 3.000000000000000000e+00
7.576576576576576905e+00 3.000000000000000000e+00
7.585585585585585378e+00 3.000000000000000000e+00
7.594594594594594739e+00 3.000000000000000000e+00
7.603603603603603212e+00 3.000000000000000000e+00
7.612612612612612573e+00 3.000000000000000000e+00
7.621621621621621934e+00 3.000000000000000000e+00
7.630630630630630407e+00 3.000000000000000000e+00
7.639639639639639768e+00 3.000000000000000000e+00
7.648648648648648241e+00 3.000000000000000000e+00
7.657657657657657602e+00 3.000000000000000000e+00
7.666666666666666963e+00 3.000000000000000000e+00
7.675675675675675436e+00 3.000000000000000000e+00
7.684684684684684797e+00 3.000000000000000000e+00
7.693693693693693270e+00 3.000000000000000000e+00
7.702702702702702631e+00 3.000000000000000000e+00
7.711711711711711992e+00 3.000000000000000000e+00
7.720720720720720465e+00 3.000000000000000000e+00
7.729729729729729826e+00 3.000000000000000000e+00
7.738738738738738299e+00 3.000000000000000000e+00
7.747747747747747660e+00 3.000000000000000000e+00
7.756756756756757021e+00 3.000000000000000000e+00
7.765765765765765494e+00 3.000000000000000000e+00
7.774774774774774855e+00 3.000000000000000000e+00
7.783783783783783328e+00 3.000000000000000000e+00
7.792792792792792689e+00 3.000000000000000000e+00
7.801801801801802050e+00 3.000000000000000000e+00
7.810810810810810523e+00 3.000000000000000000e+00
7.819819819819819884e+00 3.000000000000000000e+00
7.828828828828828357e+00 3.000000000000000000e+00
7.837837837837837718e+00 3.000000000000000000e+00
7.846846846846847079e+00 3.000000000000000000e+00
7.855855855855855552e+00 3.000000000000000000e+00
7.864864864864864913e+00 3.000000000000000000e+00
7.873873873873873386e+00 3.000000000000000000e+00
7.882882882882882747e+00 3.000000000000000000e+00
7.891891891891892108e+00 3.000000000000000000e+00
7.900900900900900581e+00 3.000000000000000000e+00
7.909909909909909942e+00 3.000000000000000000e+00
7.918918918918919303e+00 3.000000000000000000e+00
7.927927927927927776e+00 3.000000000000000000e+00
7.936936936936937137e+00 3.000000000000000000e+00
7.945945945945945610e+00 3.000000000000000000e+00
7.954954954954954971e+00 3.000000000000000000e+00
7.963963963963964332e+00 3.000000000000000000e+00
7.972972972972972805e+00 3.000000000000000000e+00
7.981981981981982166e+00 3.000000000000000000e+00
7.990990990990990639e+00 3.000000000000000000e+00
8.000000000000000000e+00 3.000000000000000000e+00
8.009009009009009361e+00 3.000000000000000000e+00
8.018018018018018722e+00 3.000000000000000000e+00
8.027027027027028083e+00 3.000000000000000000e+00
8.036036036036035668e+00 3.000000000000000000e+00
8.045045045045045029e+00 3.000000000000000000e+00
8.054054054054054390e+00 3.000000000000000000e+00
8.063063063063061975e+00 3.000000000000000000e+00
8.072072072072071336e+00 3.000000000000000000e+00
8.081081081081080697e+00 3.000000000000000000e+00
8.090090090090090058e+00 3.000000000000000000e+00
8.099099099099099419e+00 3.000000000000000000e+00
8.108108108108108780e+00 3.000000000000000000e+00
8.117117117117118141e+00 3.000000000000000000e+00
8.126126126126125726e+00 3.000000000000000000e+00
8.135135135135135087e+00 3.000000000000000000e+00
8.144144144144144448e+00 3.000000000000000000e+00
8.153153153153152033e+00 3.000000000000000000e+00
8.162162162162161394e+00 3.000000000000000000e+00
8.171171171171170755e+00 3.000000000000000000e+00
8.180180180180180116e+00 3.000000000000000000e+00
8.189189189189189477e+00 3.000000000000000000e+00
8.198198198198198838e+00 3.000000000000000000e+00
8.207207207207208199e+00 3.000000000000000000e+00
8.216216216216215784e+00 3.000000000000000000e+00
8.225225225225225145e+00 3.000000000000000000e+00
8.234234234234234506e+00 3.000000000000000000e+00
8.243243243243242091e+00 3.000000000000000000e+00
8.252252252252251452e+00 3.000000000000000000e+00
8.261261261261260813e+00 3.000000000000000000e+00
8.270270270270270174e+00 3.000000000000000000e+00
8.279279279279279535e+00 3.000000000000000000e+00
8.288288288288288896e+00 3.000000000000000000e+00
8.297297297297298257e+00 3.000000000000000000e+00
8.306306306306305842e+00 3.000000000000000000e+00
8.315315315315315203e+00 3.000000000000000000e+00
8.324324324324324564e+00 3.000000000000000000e+00
8.333333333333332149e+00 3.000000000000000000e+00
8.342342342342341510e+00 3.000000000000000000e+00
8.351351351351350871e+00 3.000000000000000000e+00
8.360360360360360232e+00 3.000000000000000000e+00
8.369369369369369593e+00 3.000000000000000000e+00
8.378378378378378954e+00 3.000000000000000000e+00
8.387387387387388316e+00 3.000000000000000000e+00
8.396396396396395900e+00 3.000000000000000000e+00
8.405405405405405261e+00 3.000000000000000000e+00
8.414414414414414622e+00 3.000000000000000000e+00
8.423423423423422207e+00 3.000000000000000000e+00
8.432432432432431568e+00 3.000000000000000000e+00
8.441441441441440929e+00 3.000000000000000000e+00
8.450450450450450290e+00 3.000000000000000000e+00
8.459459459459459651e+00 3.000000000000000000e+00
8.468468468468469013e+00 3.000000000000000000e+00
8.477477477477478374e+00 3.000000000000000000e+00
8.486486486486487735e+00 3.000000000000000000e+00
8.495495495495495319e+00 3.000000000000000000e+00
8.504504504504504681e+00 3.000000000000000000e+00
8.513513513513512265e+00 3.000000000000000000e+00
8.522522522522521626e+00 3.000000000000000000e+00
8.531531531531530987e+00 3.000000000000000000e+00
8.540540540540540349e+00 3.000000000000000000e+00
8.549549549549549710e+00 3.000000000000000000e+00
8.558558558558559071e+00 3.000000000000000000e+00
8.567567567567568432e+00 3.000000000000000000e+00
8.576576576576577793e+00 3.000000000000000000e+00
8.585585585585585378e+00 3.000000000000000000e+00
8.594594594594594739e+00 3.000000000000000000e+00
8.603603603603602323e+00 3.000000000000000000e+00
8.612612612612611684e+00 3.000000000000000000e+00
8.621621621621621046e+00 3.000000000000000000e+00
8.630630630630630407e+00 3.000000000000000000e+00
8.639639639639639768e+00 3.000000000000000000e+00
8.648648648648649129e+00 3.000000000000000000e+00
8.657657657657658490e+00 3.000000000000000000e+00
8.666666666666667851e+00 3.000000000000000000e+00
8.675675675675675436e+00 3.000000000000000000e+00
8.684684684684684797e+00 3.000000000000000000e+00
8.693693693693692381e+00 3.000000000000000000e+00
8.702702702702701743e+00 3.000000000000000000e+00
8.711711711711711104e+00 3.000000000000000000e+00
8.720720720720720465e+00 3.000000000000000000e+00
8.729729729729729826e+00 3.000000000000000000e+00
8.738738738738739187e+00 3.000000000000000000e+00
8.747747747747748548e+00 3.000000000000000000e+00
8.756756756756757909e+00 3.000000000000000000e+00
8.765765765765765494e+00 3.000000000000000000e+00
8.774774774774774855e+00 3.000000000000000000e+00
8.783783783783782440e+00 3.000000000000000000e+00
8.792792792792791801e+00 3.000000000000000000e+00
8.801801801801801162e+00 3.000000000000000000e+00
8.810810810810810523e+00 3.000000000000000000e+00
8.819819819819819884e+00 3.000000000000000000e+00
8.828828828828829245e+00 3.000000000000000000e+00
8.837837837837838606e+00 3.000000000000000000e+00
8.846846846846847967e+00 3.000000000000000000e+00
8.855855855855855552e+00 3.000000000000000000e+00
8.864864864864864913e+00 3.000000000000000000e+00
8.873873873873872498e+00 3.000000000000000000e+00
8.882882882882881859e+00 3.000000000000000000e+00
8.891891891891891220e+00 3.000000000000000000e+00
8.900900900900900581e+00 3.000000000000000000e+00
8.909909909909909942e+00 3.000000000000000000e+00
8.918918918918919303e+00 3.000000000000000000e+00
8.927927927927928664e+00 3.000000000000000000e+00
8.936936936936938025e+00 3.000000000000000000e+00
8.945945945945945610e+00 3.000000000000000000e+00
8.954954954954954971e+00 3.000000000000000000e+00
8.963963963963964332e+00 3.000000000000000000e+00
8.972972972972971917e+00 3.000000000000000000e+00
8.981981981981981278e+00 3.000000000000000000e+00
8.990990990990990639e+00 3.000000000000000000e+00
9.000000000000000000e+00 3.000000000000000000e+00
9.009009009009009361e+00 3.000000000000000000e+00
9.018018018018018722e+00 3.000000000000000000e+00
9.027027027027026307e+00 3.000000000000000000e+00
9.036036036036035668e+00 3.000000000000000000e+00
9.045045045045045029e+00 3.000000000000000000e+00
9.054054054054054390e+00 3.000000000000000000e+00
9.063063063063063751e+00 3.000000000000000000e+00
9.072072072072071336e+00 3.000000000000000000e+00
9.081081081081080697e+00 3.000000000000000000e+00
9.090090090090090058e+00 3.000000000000000000e+00
9.099099099099099419e+00 3.000000000000000000e+00
9.108108108108108780e+00 3.000000000000000000e+00
9.117117117117116365e+00 3.000000000000000000e+00
9.126126126126125726e+00 3.000000000000000000e+00
9.135135135135135087e+00 3.000000000000000000e+00
9.144144144144144448e+00 3.000000000000000000e+00
9.153153153153153809e+00 3.000000000000000000e+00
9.162162162162161394e+00 3.000000000000000000e+00
9.171171171171170755e+00 3.000000000000000000e+00
9.180180180180180116e+00 3.000000000000000000e+00
9.189189189189189477e+00 3.000000000000000000e+00
9.198198198198198838e+00 3.000000000000000000e+00
9.207207207207206423e+00 3.000000000000000000e+00
9.216216216216215784e+00 3.000000000000000000e+00
9.225225225225225145e+00 3.000000000000000000e+00
9.234234234234234506e+00 3.000000000000000000e+00
9.243243243243243867e+00 3.000000000000000000e+00
9.252252252252251452e+00 3.000000000000000000e+00
9.261261261261260813e+00 3.000000000000000000e+00
9.270270270270270174e+00 3.000000000000000000e+00
9.279279279279279535e+00 3.000000000000000000e+00
9.288288288288288896e+00 3.000000000000000000e+00
9.297297297297296481e+00 3.000000000000000000e+00
9.306306306306305842e+00 3.000000000000000000e+00
9.315315315315315203e+00 3.000000000000000000e+00
9.324324324324324564e+00 3.000000000000000000e+00
9.333333333333333925e+00 3.000000000000000000e+00
9.342342342342341510e+00 3.000000000000000000e+00
9.351351351351350871e+00 3.000000000000000000e+00
9.360360360360360232e+00 3.000000000000000000e+00
9.369369369369369593e+00 3.000000000000000000e+00
9.378378378378378954e+00 3.000000000000000000e+00
9.387387387387386539e+00 3.000000000000000000e+00
9.396396396396395900e+00 3.000000000000000000e+00
9.405405405405405261e+00 3.000000000000000000e+00
9.414414414414414622e+00 3.000000000000000000e+00
9.423423423423423984e+00 3.000000000000000000e+00
9.432432432432431568e+00 3.000000000000000000e+00
9.441441441441440929e+00 3.000000000000000000e+00
9.450450450450450290e+00 3.000000000000000000e+00
9.459459459459459651e+00 3.000000000000000000e+00
9.468468468468469013e+00 3.000000000000000000e+00
9.477477477477476597e+00 3.000000000000000000e+00
9.486486486486485958e+00 3.000000000000000000e+00
9.495495495495495319e+00 3.000000000000000000e+00
9.504504504504504681e+00 3.000000000000000000e+00
9.513513513513514042e+00 3.000000000000000000e+00
9.522522522522521626e+00 3.000000000000000000e+00
9.531531531531530987e+00 3.000000000000000000e+00
9.540540540540540349e+00 3.000000000000000000e+00
9.549549549549549710e+00 3.000000000000000000e+00
9.558558558558559071e+00 3.000000000000000000e+00
9.567567567567566655e+00 3.000000000000000000e+00
9.576576576576576016e+00 3.000000000000000000e+00
9.585585585585585378e+00 3.000000000000000000e+00
9.594594594594594739e+00 3.000000000000000000e+00
9.603603603603604100e+00 3.000000000000000000e+00
9.612612612612611684e+00 3.000000000000000000e+00
9.621621621621621046e+00 3.000000000000000000e+00
9.630630630630630407e+00 3.000000000000000000e+00
9.639639639639639768e+00 3.000000000000000000e+00
9.648648648648649129e+00 3.000000000000000000e+00
9.657657657657656713e+00 3.000000000000000000e+00
9.666666666666666075e+00 3.000000000000000000e+00
9.675675675675675436e+00 3.000000000000000000e+00
9.684684684684684797e+00 3.000000000000000000e+00
9.693693693693694158e+00 3.000000000000000000e+00
9.702702702702701743e+00 3.000000000000000000e+00
9.711711711711711104e+00 3.000000000000000000e+00
9.720720720720720465e+00 3.000000000000000000e+00
9.729729729729729826e+00 3.000000000000000000e+00
9.738738738738739187e+00 3.000000000000000000e+00
9.747747747747748548e+00 3.000000000000000000e+00
9.756756756756756133e+00 3.000000000000000000e+00
9.765765765765765494e+00 3.000000000000000000e+00
9.774774774774774855e+00 3.000000000000000000e+00
9.783783783783784216e+00 3.000000000000000000e+00
9.792792792792793577e+00 3.000000000000000000e+00
9.801801801801801162e+00 3.000000000000000000e+00
9.810810810810810523e+00 3.000000000000000000e+00
9.819819819819819884e+00 3.000000000000000000e+00
9.828828828828829245e+00 3.000000000000000000e+00
9.837837837837838606e+00 3.000000000000000000e+00
9.846846846846846191e+00 3.000000000000000000e+00
9.855855855855855552e+00 3.000000000000000000e+00
9.864864864864864913e+00 3.000000000000000000e+00
9.873873873873874274e+00 3.000000000000000000e+00
9.882882882882883635e+00 3.000000000000000000e+00
9.891891891891891220e+00 3.000000000000000000e+00
9.900900900900900581e+00 3.000000000000000000e+00
9.909909909909909942e+00 3.000000000000000000e+00
9.918918918918919303e+00 3.000000000000000000e+00
9.927927927927928664e+00 3.000000000000000000e+00
9.936936936936936249e+00 3.000000000000000000e+00
9.945945945945945610e+00 3.000000000000000000e+00
9.954954954954954971e+00 3.000000000000000000e+00
9.963963963963964332e+00 3.000000000000000000e+00
9.972972972972973693e+00 3.000000000000000000e+00
9.981981981981981278e+00 3.000000000000000000e+00
9.990990990990990639e+00 3.000000000000000000e+00
1.000000000000000000e+01 0.000000000000000000e+00
