1.000000000000000021e-08 5.004543557925683618e-33
1.042404007021555791e-08 5.437967715576904013e-33
1.086606113854598039e-08 5.908929066913208068e-33
1.132682567136153826e-08 6.420678563962330154e-33
1.180712846666189067e-08 6.976748711280216987e-33
1.230779802506665817e-08 7.580977950148693726e-33
1.282969797894147492e-08 8.237537154597332084e-33
1.337372858212497672e-08 8.950958422147256026e-33
1.394082826282578570e-08 9.726166358013579953e-33
1.453197524236895469e-08 1.056851206871680467e-32
1.514818922258347182e-08 1.148381009975447036e-32
1.579053314474175991e-08 1.247837857230773674e-32
1.646011502308549594e-08 1.355908279604022909e-32
1.715808985610006679e-08 1.473338265904024621e-32
1.788566161883461814e-08 1.600938412203145009e-32
1.864408533970485183e-08 1.739589517230876665e-32
1.943466926536022081e-08 1.890248662363935485e-32
2.025877711735017262e-08 2.053955818182099255e-32
2.111783044448242138e-08 2.231841023193854755e-32
2.201331107493032439e-08 2.425132184285368326e-32
2.294676367231936303e-08 2.635163552738075716e-32
2.391979840020237176e-08 2.863384934323680658e-32
2.493409369951880444e-08 3.111371697052270374e-32
2.599139918382932954e-08 3.380835645655612782e-32
2.709353865732048915e-08 3.673636837870736678e-32
2.824241326078435657e-08 3.991796424089682025e-32
2.944000475100033758e-08 4.337510599005814925e-32
3.068837891917645527e-08 4.713165761563120094e-32
3.198968915434537821e-08 5.121354987855217770e-32
3.334618015786362555e-08 5.564895930684771239e-32
3.476019181541981112e-08 6.046850269341254251e-32
3.623416323323149587e-08 6.570544843856532976e-32
3.777063694539364668e-08 7.139594619625738336e-32
3.937226329963483252e-08 7.757927640914954585e-32
4.104180502904709428e-08 8.429812145507179997e-32
4.278214201767621886e-08 9.159886027656153069e-32
4.459627626819095302e-08 9.953188852726960554e-32
4.648733708020256814e-08 1.081519664451804693e-31
4.845858644816500441e-08 1.175185968539724772e-31
5.051342468816766289e-08 1.276964359018288453e-31
5.265539630332755200e-08 1.387557393729967289e-31
5.488819609789677040e-08 1.507728476529366273e-31
5.721567555063251450e-08 1.638307126947408182e-31
5.964184945842460106e-08 1.780194706244366811e-31
6.217090286163833290e-08 1.934370639378184091e-31
6.480719826311970364e-08 2.101899175837978257e-31
6.755528315331639721e-08 2.283936736012431869e-31
7.041989785449295322e-08 2.481739893804558487e-31
7.340598369757212442e-08 2.696674050596524407e-31
7.651869154570817861e-08 2.930222860440643451e-31
7.976339067929281194e-08 3.183998471538215276e-31
8.314567805772064209e-08 3.459752654702927733e-31
8.667138797389224784e-08 3.759388895628555087e-31
9.034660211810534464e-08 4.084975534433577425e-31
9.417766006869518808e-08 4.438760043185064396e-31
9.817117022752183165e-08 4.823184539959870165e-31
1.023340212191642215e-07 5.240902646536703414e-31
1.066733937734857130e-07 5.694797806088283531e-31
1.111967731120697747e-07 6.188003187321513816e-31
1.159119618598885682e-07 6.723923312464544625e-31
1.208270935044775971e-07 7.306257558400082376e-31
1.259506464258358884e-07 7.939025693175260966e-31
1.312914585212465275e-07 8.626595624167955970e-31
1.368587424502520482e-07 9.373713549458571692e-31
1.426621015260738263e-07 1.018553672054450568e-30
1.487115462808953781e-07 1.106766904256318263e-30
1.550175117335771904e-07 1.202619975777583037e-30
1.615908753895919081e-07 1.306774547935019779e-30
1.684429760042315257e-07 1.419949586560853453e-30
1.755856331414470512e-07 1.542926325003758819e-30
1.830311675620613017e-07 1.676553656966652415e-30
1.907924224765264963e-07 1.821753996409218762e-30
1.988827856988811764e-07 1.979529644967334785e-30
2.073162127401231252e-07 2.150969710845284505e-30
2.161072508808376594e-07 2.337257626943800925e-30
2.252710642645982695e-07 2.539679320123591616e-30
2.348234600554276511e-07 2.759632087999330924e-30
2.447809157044440390e-07 2.998634244543642272e-30
2.551606073727186320e-07 3.258335601087897774e-30
2.659804395593758544e-07 3.540528855074169334e-30
2.772590759860481158e-07 3.847161965179570244e-30
2.890159717909511334e-07 4.180351598243506203e-30
3.012714070881164328e-07 4.542397740828138212e-30
3.140465219496748803e-07 4.935799576282822616e-30
3.273633528715247702e-07 5.363272736919717938e-30
3.412448707852889448e-07 5.827768050401696891e-30
3.557150206821382366e-07 6.332491909759837793e-30
3.707987629168172595e-07 6.880928407666596248e-30
3.865221162631261751e-07 7.476863387771834920e-30
4.029122027951351789e-07 8.124410579144591865e-30
4.199972946715306122e-07 8.828039994244469190e-30
4.378068629038166329e-07 9.592608786476027486e-30
4.563716281924763051e-07 1.042339478035952393e-29
4.757236139187889243e-07 1.132613290580483388e-29
4.958962013837222009e-07 1.230705478802685853e-29
5.169241873891603347e-07 1.337293176642689059e-29
5.388438442608223497e-07 1.453112163944247954e-29
5.616929824163815049e-07 1.578961945809181811e-29
5.855110155867243528e-07 1.715711271889553334e-29
6.103390288028621038e-07 1.864304133723512426e-29
6.362198492657495432e-07 2.025766281521411125e-29
6.631981202212675770e-07 2.201212305395684621e-29
6.913203779678128213e-07 2.391853329925537766e-29
7.206351321293059285e-07 2.599005375182378137e-29
7.511929493320968915e-07 2.824098441944196887e-29
7.830465404301182578e-07 3.068686383827869539e-29
8.162508514287236451e-07 3.334457634502091095e-29
8.508631582640581318e-07 3.623246864048641863e-29
8.869431656014703861e-07 3.937047644956139479e-29
9.245531098233580113e-07 4.278026215202341432e-29
9.637578663841089376e-07 4.648536433457723729e-29
1.004625061717340180e-06 5.051136029675959994e-29
1.047225189888435394e-06 5.488604263282639232e-29
1.091631734193614770e-06 5.963961110895137551e-29
1.137921293915313960e-06 6.480488116070446573e-29
1.186173716452479197e-06 7.041751045055961225e-29
1.236472235053714927e-06 7.651624504992448413e-29
1.288903612390891551e-06 8.314318694573108592e-29
1.343558290220826187e-06 9.034408471890792499e-29
1.400530545393222473e-06 9.816864940211872344e-29
1.459918652473977078e-06 1.066708976980733921e-28
1.521825053264387058e-06 1.159095249287188517e-28
1.586356533508592829e-06 1.259483102909787980e-28
1.653624407094178687e-06 1.368565572179163259e-28
1.723744708063619884e-06 1.487095718866905131e-28
1.796838390767722947e-06 1.615891831782116593e-28
1.873031538506438410e-06 1.755843076798131400e-28
1.952455581016861103e-06 1.907915636334285461e-28
2.035247521183579910e-06 2.073159380699559422e-28
2.121550171362452519e-06 2.252715117379871120e-28
2.211512399725488909e-06 2.447822468344370559e-28
2.305289387051710850e-06 2.659828429785612740e-28
2.403042894406969757e-06 2.890196673424607717e-28
2.504941542174502410e-06 3.140517653636629325e-28
2.611161100917462053e-06 3.412519590222526614e-28
2.721884794575179673e-06 3.708080402702555766e-28
2.837303616516211435e-06 4.029240678586626020e-28
2.957616658993256599e-06 4.378217765221623709e-28
3.083031456568277085e-06 4.757421082583660229e-28
3.213764344100275447e-06 5.169468762823713074e-28
3.350040829913136129e-06 5.617205731547172339e-28
3.492095984787271205e-06 6.103723355776280061e-28
3.640174847446137571e-06 6.632380794377414207e-28
3.794532847236942309e-06 7.206828198506817906e-28
3.955436244734701173e-06 7.831031922422797651e-28
4.123162591029747908e-06 8.509301918916127131e-28
4.298001206490798531e-06 9.246321508719569194e-28
4.480253679829498847e-06 1.004717972967940163e-27
4.670234388327330377e-06 1.091740648931769260e-27
4.868271040122284053e-06 1.186301076380906560e-27
5.074705239490476054e-06 1.289052210747260746e-27
5.289893076098145533e-06 1.400703575979012281e-27
5.514205739240301802e-06 1.522026166185591952e-27
5.748030158125362767e-06 1.653857772122105603e-27
5.991769669310612853e-06 1.797108769350470586e-27
6.245844712439617693e-06 1.952768408110382639e-27
6.510693555481467715e-06 2.121911648406765881e-27
6.786773050723302017e-06 2.305706587596115663e-27
7.074559422819878311e-06 2.505422531857026638e-27
7.374549090259561664e-06 2.722438767390110736e-27
7.687259521663735955e-06 2.958254092039794531e-27
8.013230128396886409e-06 3.214497173299089026e-27
8.353023195026787283e-06 3.492937804384517607e-27
8.707224849239921313e-06 3.795499136292785525e-27
9.076446072885356405e-06 4.124270970516151376e-27
9.461323755890779059e-06 4.481524204446585397e-27
9.862521794868783995e-06 4.869726529492200443e-27
1.028073223830864773e-05 5.291559490617826307e-27
1.071667648032864333e-05 5.749937025465263125e-27
1.117110650504824176e-05 6.248025611475137263e-27
1.164480618372685418e-05 6.789266160591788950e-27
1.213859262690628995e-05 7.377397813262823595e-27
1.265331759388942887e-05 8.016483796632505167e-27
1.318986896198669182e-05 8.710939526163830837e-27
1.374917225806420378e-05 9.465563145507400867e-27
1.433219225503573986e-05 1.028556871637797219e-26
1.493993463605256153e-05 1.117662228861822170e-26
1.557344772926135167e-05 1.214488110065232866e-26
1.623382431612281556e-05 1.319703618230301629e-26
1.692220351641035697e-05 1.434035865561447943e-26
1.763977275314045312e-05 1.558275005505783387e-26
1.838776980082330764e-05 1.693279701647360215e-26
1.916748492056813148e-05 1.839983071453213166e-26
1.998026308572550550e-05 1.999399146156924749e-26
2.082750630190518509e-05 2.172629891662285191e-26
2.171067602537267172e-05 2.360872839261305004e-26
2.263129568399529777e-05 2.565429379213620259e-26
2.359095330508638664e-05 2.787713774859660443e-26
2.459130425468046297e-05 3.029262959969825120e-26
2.563407409296515038e-05 3.291747187502135648e-26
2.672106155079437918e-05 3.576981603889669391e-26
2.785414163241768898e-05 3.886938829449666228e-26
2.903526884977813914e-05 4.223762632543714560e-26
3.026648059395695245e-05 4.589782792772657186e-26
3.154990064958088780e-05 4.987531256816339923e-26
3.288774285825509885e-05 5.419759699585544858e-26
3.428231493733974476e-05 5.889458613205564404e-26
3.573602246065788401e-05 6.399878057069738706e-26
3.725137300800209639e-05 6.954550213862501453e-26
3.883098049059608917e-05 7.557313909137836621e-26
4.047756965997322426e-05 8.212341265843757589e-26
4.219398080805024284e-05 8.924166680203930513e-26
4.398317466650228581e-05 9.697718321711333650e-26
4.584823751389095932e-05 1.053835237777628482e-25
4.779238649935594978e-05 1.145189028292856152e-25
4.981897519205165294e-05 1.244465919353995456e-25
5.193149936590212571e-05 1.352353599196530970e-25
5.413360302965375723e-05 1.469599512896075397e-25
5.642908471262542147e-05 1.597016064040795374e-25
5.882190401699967781e-05 1.735486270395516598e-25
6.131618844795768525e-05 1.885969913339156565e-25
6.391624053344005150e-05 2.049510224363830289e-25
6.662654524581163073e-05 2.227241155742261971e-25
6.945177773823688636e-05 2.420395286629004976e-25
7.239681140910876969e-05 2.630312420389571579e-25
7.546672630843902273e-05 2.858448933884472854e-25
7.866681790071590008e-05 3.106387944809285193e-25
8.200260619934131279e-05 3.375850369045384443e-25
8.547984528840422633e-05 3.668706946354350259e-25
8.910453324821521659e-05 3.986991319699042501e-25
9.288292250172498895e-05 4.332914261048236072e-25
9.682153059967095780e-05 4.708879144775886508e-25
1.009271514630571888e-04 5.117498778763946735e-25
1.052068671023622786e-04 5.561613713126443129e-25
1.096680598336869630e-04 6.044312157166079315e-25
1.143184250129150245e-04 6.568951646836193464e-25
1.191659843098558737e-04 7.139182617698238122e-25
1.242190995452618560e-04 7.758974052235044728e-25
1.294864871145904987e-04 8.432641385512010192e-25
1.349772330233941922e-04 9.164876869687207808e-25
1.407008085602686571e-04 9.960782615884690122e-25
1.466670866343968511e-04 1.082590655160626772e-24
1.528863588058729521e-04 1.176628155331690218e-24
1.593693530381776018e-04 1.278846803726625639e-24
1.661272522034293005e-04 1.389960031719141726e-24
1.731717133723356357e-04 1.510743706548405743e-24
1.805148879221109997e-04 1.642041624492003751e-24
1.881694424970555652e-04 1.784771491139222846e-24
1.961485808579433343e-04 1.939931432451532112e-24
2.044660666579117651e-04 2.108607084279018316e-24
2.131362471841437593e-04 2.291979312354189017e-24
2.221740781062886937e-04 2.491332619543449147e-24
2.315951492743154505e-04 2.708064302341454339e-24
2.414157116103017771e-04 2.943694424286806358e-24
2.516527051405394329e-04 3.199876680206336307e-24
2.623237882163123851e-04 3.478410232012352429e-24
2.734473679737579768e-04 3.781252604239211551e-24
2.850426320853437548e-04 4.110533735675317443e-24
2.971295818577334162e-04 4.468571292394450202e-24
3.097290667331413267e-04 4.857887357292144934e-24
3.228628202536733467e-04 5.281226621972029457e-24
3.365534975507094152e-04 5.741576218599280485e-24
3.508247144239795708e-04 6.242187342242272056e-24
3.657010880777493184e-04 6.786598828376134845e-24
3.812082795843888027e-04 7.378662865745643893e-24
3.973730381485612601e-04 8.022573041817481103e-24
4.142232472483898067e-04 8.722894936747725975e-24
4.317879727332021378e-04 9.484599502315737125e-24
4.500975129608051229e-04 1.031309948481602337e-23
4.691834510607798968e-04 1.121428917566313959e-23
4.890787094139589959e-04 1.219458780067656532e-23
5.098176064420429331e-04 1.326098688892348042e-23
5.314359158053241772e-04 1.442110199488914888e-23
5.539709281106400826e-04 1.568322918392270440e-23
5.774615152359826014e-04 1.705640673071113533e-23
6.019481973827273949e-04 1.855048252434763583e-23
6.274732129711587487e-04 2.017618772179947368e-23
6.540805914998259248e-04 2.194521724470554948e-23
6.818162294944478787e-04 2.387031777297109550e-23
7.107279696773426267e-04 2.596538395313171532e-23
7.408656834939568014e-04 2.824556361058094926e-23
7.722813571388642594e-04 3.072737283318868917e-23
8.050291812295988936e-04 3.342882188036157637e-23
8.391656442830161588e-04 3.636955296708724475e-23
8.747496301554415774e-04 3.957099107791720326e-23
9.118425196146581063e-04 4.305650908224525712e-23
9.505082962189511427e-04 4.685160855082951201e-23
9.908136566858666023e-04 5.098411781559858696e-23
1.032828125941029481e-03 5.548440897183925674e-23
1.076624177045493267e-03 6.038563569553396560e-23
1.122277356208509387e-03 6.572399394070070033e-23
1.169866413101308027e-03 7.153900779410234877e-23
1.219473436696738231e-03 7.787384299990624458e-23
1.271183996869030197e-03 8.477565092724492898e-23
1.325087291997953777e-03 9.229594604197429751e-23
1.381276302832009544e-03 1.004910202633153262e-22
1.439847952876009609e-03 1.094223979399260230e-22
1.500903275579736594e-03 1.191573355721461113e-22
1.564547588616095868e-03 1.297693708419131511e-22
1.630890675549334212e-03 1.413389259938961241e-22
1.700046975206718092e-03 1.539539711460425262e-22
1.772135779080358372e-03 1.677107537008116259e-22
1.847281437099636096e-03 1.827146006863901269e-22
1.925613572129198682e-03 1.990808015874521587e-22
2.007267303562572294e-03 2.169355800355714708e-22
2.092383480396978884e-03 2.364171636291576173e-22
2.181108924191519933e-03 2.576769621518626399e-22
2.273596682327719623e-03 2.808808655676985367e-22
2.370006292009330367e-03 3.062106744031241279e-22
2.470504055456825433e-03 3.338656764946572662e-22
2.575263326771203790e-03 3.640643856003718515e-22
2.684464810961965237e-03 3.970464590618661094e-22
2.798296875655115722e-03 4.330748135786183955e-22
2.916955876018798889e-03 4.724379602397846699e-22
3.040646493467068570e-03 5.154525822725727812e-22
3.169582088726115212e-03 5.624663815367694570e-22
3.303985069871861503e-03 6.138612226499407519e-22
3.444087275973823411e-03 6.700566067987039037e-22
3.590130377007068330e-03 7.315135108126449061e-22
3.742366290721984689e-03 7.987386309870380779e-22
3.901057617190993500e-03 8.722890754807930515e-22
4.066478091781862599e-03 9.527775539332998509e-22
4.238913057338783430e-03 1.040878118289026476e-21
4.418659956385941057e-03 1.137332514748626820e-21
4.606028844202407491e-03 1.242957213340990387e-21
4.801342923653455046e-03 1.358651188900688077e-21
5.004939102700953560e-03 1.485404535313581890e-21
5.217168575554354502e-03 1.624308003841159406e-21
5.438397428464801162e-03 1.776563566240765233e-21
5.669007271207434327e-03 1.943496114360782065e-21
5.909395895340977152e-03 2.126566420012033573e-21
6.159977960380168260e-03 2.327385492314344602e-21
6.421185709064758558e-03 2.547730484513231985e-21
6.693469712958667432e-03 2.789562318589753113e-21
6.977299649665537687e-03 3.055045213990890268e-21
7.273165113001469131e-03 3.346568326641860564e-21
7.581576457522117875e-03 3.666769726229743784e-21
7.903065678861348128e-03 4.018562963746095450e-21
8.238187331399618799e-03 4.405166507627211753e-21
8.587519484845179685e-03 4.830136355731501356e-21
8.951664721378302381e-03 5.297402162045271216e-21
9.331251175078259658e-03 5.811307251621196630e-21
9.726933615426178875e-03 6.376652935044831715e-21
1.013939457675291748e-02 6.998747574910936132e-21
1.056934553557989376e-02 7.683460901590472129e-21
1.101752813788387311e-02 8.437284124196547460e-21
1.148471547840288973e-02 9.267396435315689719e-21
1.197171343418968088e-02 1.018173856494612859e-20
1.247936205471311330e-02 1.118909410034430582e-20
1.300853701090573175e-02 1.229917935425221833e-20
1.356015110565634771e-02 1.352274263434464805e-20
1.413515584835395647e-02 1.487167384172926868e-20
1.473454309619837317e-02 1.635912540589431898e-20
1.535934676510898600e-02 1.799964564749264435e-20
1.601064461318317880e-02 1.980932574850928398e-20
1.668956009978026650e-02 2.180596160127283703e-20
1.739726432343802545e-02 2.400923190286144762e-20
1.813497804196495186e-02 2.644089395892186475e-20
1.890397377819223387e-02 2.912499875971345170e-20
1.970557801501800557e-02 3.208812698996800755e-20
2.054117348353064199e-02 3.535964773121148960e-20
2.141220154815731691e-02 3.897200170840573461e-20
2.232016469295234479e-02 4.296101101954949161e-20
2.326662911331458042e-02 4.736621736406765353e-20
2.425322741760355463e-02 5.223125084961255435e-20
2.528166144331500664e-02 5.760423150279939473e-20
2.635370519267398598e-02 6.353820563202852936e-20
2.747120789270814448e-02 7.009161918362270390e-20
2.863609718508115798e-02 7.732883018872799301e-20
2.985038245118735653e-02 8.532066230925537636e-20
3.111615827824363092e-02 9.414500134685940171e-20
3.243560807235811722e-02 1.038874363683759867e-19
3.381100782480688655e-02 1.146419468115974282e-19
3.524473003801587706e-02 1.265116365525197416e-19
3.673924781802074407e-02 1.396095154232572865e-19
3.829713914046285056e-02 1.540593280509682705e-19
3.992109129748053209e-02 1.699964291229181465e-19
4.161390553316707264e-02 1.875687032499532359e-19
4.337850187558993376e-02 2.069375264772256341e-19
4.521792417370702061e-02 2.282787651526570728e-19
4.713534534786916613e-02 2.517838062846107044e-19
4.913407286296366666e-02 2.776606116740171144e-19
5.121755443364241212e-02 3.061347859660181738e-19
5.338938397147360848e-02 3.374506463053574548e-19
5.565330778427651781e-02 3.718722784732390548e-19
5.801323103833378597e-02 4.096845612083099386e-19
6.047322449462655403e-02 4.511941368518348128e-19
6.303753153071281479e-02 4.967303024938603983e-19
6.571057546036269958e-02 5.466457914274512052e-19
6.849696716357453474e-02 6.013174099463982026e-19
7.140151304013403477e-02 6.611464893658049763e-19
7.442922330043758028e-02 7.265591076382778951e-19
7.758532060787844131e-02 7.980060291346873965e-19
8.087524908770457599e-02 8.759623051355618692e-19
8.430468371788966964e-02 9.609264714430380078e-19
8.787954011821327849e-02 1.053419273413060365e-18
9.160598475443709754e-02 1.153981842800664389e-18
9.549044557518097942e-02 1.263173245327455437e-18
9.953962309984243362e-02 1.381567313086950552e-18
1.037605019766911774e-01 1.509748672119833503e-18
1.081603630310711550e-01 1.648307873089834304e-18
1.127467958244947333e-01 1.797835532402975694e-18
1.175277117462945192e-01 1.958915392824214352e-18
1.225113576604120319e-01 2.132116217196666173e-18
1.277063301308644649e-01 2.317982436849101849e-18
1.331215902504307713e-01 2.517023488314515067e-18
1.387664790981310015e-01 2.729701788728031941e-18
1.446507338521647035e-01 2.956419322383428961e-18
1.507845045861050948e-01 3.197502839037146042e-18
1.571783717773164446e-01 3.453187699235079793e-18
1.638433645577984654e-01 3.723600443682007907e-18
1.707909797389430273e-01 4.008740212809379971e-18
1.780332016430115627e-01 4.308459199353571510e-18
1.855825227755519002e-01 4.622442380795902117e-18
1.934519653744048162e-01 4.950186849455158657e-18
2.016551038724748446e-01 5.290981134971690231e-18
2.102060883130158486e-01 5.643884995491525183e-18
2.191196687578151892e-01 6.007710238100607957e-18
2.284112207303825581e-01 6.381003213396207398e-18
2.380967717380358395e-01 6.762029710258986830e-18
2.481930289186257688e-01 7.148763050945652232e-18
2.587174078595924076e-01 7.538876248903161749e-18
2.696880626390692481e-01 7.929739136901406422e-18
2.811239171408467241e-01 8.318421395332637665e-18
2.930446976972144180e-01 8.701702403583169154e-18
3.054709671159974160e-01 9.076088794834620943e-18
3.184241601504656516e-01 9.437840510236096008e-18
3.319266204733190007e-01 9.783006016382611476e-18
3.460016392185115697e-01 1.010746716571217418e-17
3.606734951574031567e-01 1.040699393961151751e-17
3.759674965785467782e-01 1.067730901763305463e-17
3.919100249433409844e-01 1.091416176494452289e-17
4.085285803928565551e-01 1.111341082896333445e-17
4.258518291843414461e-01 1.127111409394519499e-17
4.439096531392175415e-01 1.138362427226898344e-17
4.627332011878693141e-01 1.144768793097950183e-17
4.823549431001467047e-01 1.146054528400426518e-17
5.028087254942484874e-01 1.142002765067717584e-17
5.241298302206061077e-01 1.132464911949069626e-17
5.463550352214875394e-01 1.117368869424433563e-17
5.695226779712830867e-01 1.096725907035135217e-17
5.936727216069126456e-01 1.070635822276130573e-17
6.188468238624394990e-01 1.039290021034328886e-17
6.450884089267698851e-01 1.002972203425796876e-17
6.724427423484249378e-01 9.620564039527211591e-18
7.009570091165632233e-01 9.170022216703358366e-18
7.306803950529506819e-01 8.683471826212648213e-18
7.616641716552892127e-01 8.166962996923008855e-18
7.939617845382291872e-01 7.627090290938473416e-18
8.276289456246351817e-01 7.070839610471402600e-18
8.627237292461450435e-01 6.505417168103905658e-18
8.993066723187632672e-01 5.938066457627081614e-18
9.374408787663000009e-01 5.375880154336283283e-18
9.771921283717996953e-01 4.825614550600870135e-18
1.018628990244688559e+00 4.293514416585895803e-18
1.061822941099386908e+00 3.785156010111064029e-18
1.106848488549411869e+00 3.305315315765226621e-18
1.153783299629661974e+00 2.857867478878242426e-18
1.202708334768514575e+00 2.445721861123999774e-18
1.253707987440919602e+00 2.070795266867719888e-18
1.306870229743347656e+00 1.734023793561663143e-18
1.362286764141649620e+00 1.435411593234626305e-18
1.420053181653681662e+00 1.174112758134217999e-18
1.480269126739510055e+00 9.485407247310866704e-19
1.543038469183567685e+00 7.564981733142325038e-19
1.608469483265355215e+00 5.953195001356524295e-19
1.676675034527700836e+00 4.620176251953588146e-19
1.747772774464684487e+00 3.534271870339496536e-19
1.821885343465165175e+00 2.663370252212831685e-19
1.899140582361935614e+00 1.976061674344293408e-19
1.979671752951336572e+00 1.442591841602428999e-19
2.063617767863856756e+00 1.035585860628750345e-19
2.151123430182167340e+00 7.305374473732952952e-20
2.242339683219849444e+00 5.060745642216450923e-20
2.337423870891812694e+00 3.440260924416843172e-20
2.436540009125466089e+00 2.293236946537955455e-20
2.539859068780728979e+00 1.497783252457724644e-20
2.647559270567074741e+00 9.577201667293045835e-21
2.759826392466180334e+00 5.990314927048080062e-21
2.876854090190597457e+00 3.661825592284896895e-21
2.998844231231037050e+00 2.185653827273203510e-21
3.126007243068703367e+00 1.272570678366901665e-21
3.258562476153229692e+00 7.220410599620817956e-22
3.396738582272216700e+00 3.988087514423018007e-22
3.540773908965269889e+00 2.141970512404720753e-22
3.690916910662782158e+00 1.117404797044339533e-22
3.847426577258513891e+00 5.655045634160651636e-23
4.010572880855495903e+00 2.772986147650490940e-23
4.180637241455761988e+00 1.315766910423185559e-23
4.357913012397038877e+00 6.033075806531897797e-24
4.542705986374042659e+00 2.669379063952602885e-24
4.735334922917121325e+00 1.138019190925451284e-24
4.936132098237926868e+00 4.667507818907233158e-25
5.145443878390924652e+00 1.838720934650985087e-25
5.363631316739245314e+00 6.945615961758819188e-26
5.591070776755304728e+00 2.511350045085477468e-26
5.828154581230839959e+00 8.675805810361096466e-27
6.075291689016077079e+00 2.858175357881492890e-27
6.332908400455127484e+00 8.961469233624342540e-28
6.601449092734882562e+00 2.668570317930540522e-28
6.881376986415670416e+00 7.530891317507756083e-29
7.173174944465626979e+00 2.009562105330791717e-29
7.477346305177580810e+00 5.058490899562916488e-30
7.794415750404950494e+00 1.198225471608891828e-30
8.124930210614063952e+00 2.664049254423659881e-31
8.469459808314576676e+00 5.544633037715366136e-32
8.828598841495150396e+00 1.077262607551468969e-32
9.202966808760429274e+00 1.948177370978817058e-33
9.593209477938270169e+00 3.269488570422712989e-34
1.000000000000000000e+01 5.075817124185392369e-35
