1.000000000000000021e-08 1.688999272356004982e-17
1.042404007021555791e-08 1.760619609360391464e-17
1.086606113854598039e-08 1.835276935638002227e-17
1.132682567136153826e-08 1.913100031703295584e-17
1.180712846666189067e-08 1.994223138880580385e-17
1.230779802506665817e-08 2.078786190864225913e-17
1.282969797894147492e-08 2.166935055097945801e-17
1.337372858212497672e-08 2.258821784389579002e-17
1.394082826282578570e-08 2.354604879195277986e-17
1.453197524236895469e-08 2.454449561025664100e-17
1.514818922258347182e-08 2.558528057445455964e-17
1.579053314474175991e-08 2.667019899158221063e-17
1.646011502308549594e-08 2.780112229688754974e-17
1.715808985610006679e-08 2.898000128197196360e-17
1.788566161883461814e-08 3.020886945981739590e-17
1.864408533970485183e-08 3.148984657250475104e-17
1.943466926536022081e-08 3.282514224767302298e-17
2.025877711735017262e-08 3.421705981002692105e-17
2.111783044448242138e-08 3.566800025446829643e-17
2.201331107493032439e-08 3.718046638770370462e-17
2.294676367231936303e-08 3.875706714547261383e-17
2.391979840020237176e-08 4.040052209284413541e-17
2.493409369951880444e-08 4.211366611534370630e-17
2.599139918382932954e-08 4.389945430900219745e-17
2.709353865732048915e-08 4.576096707776359471e-17
2.824241326078435657e-08 4.770141544704236113e-17
2.944000475100033758e-08 4.972414660259689655e-17
3.068837891917645527e-08 5.183264966427439402e-17
3.198968915434537821e-08 5.403056170458412623e-17
3.334618015786362555e-08 5.632167402248391181e-17
3.476019181541981112e-08 5.870993868319921679e-17
3.623416323323149587e-08 6.119947533535669923e-17
3.777063694539364668e-08 6.379457831719270797e-17
3.937226329963483252e-08 6.649972406409226271e-17
4.104180502904709428e-08 6.931957883023756922e-17
4.278214201767621886e-08 7.225900673768639266e-17
4.459627626819095302e-08 7.532307816676188677e-17
4.648733708020256814e-08 7.851707850223046263e-17
4.845858644816500441e-08 8.184651725035124740e-17
5.051342468816766289e-08 8.531713754252503520e-17
5.265539630332755200e-08 8.893492604193730566e-17
5.488819609789677040e-08 9.270612327028134722e-17
5.721567555063251450e-08 9.663723437237557905e-17
5.964184945842460106e-08 1.007350403372455353e-16
6.217090286163833290e-08 1.050066096950230075e-16
6.480719826311970364e-08 1.094593107098405198e-16
6.755528315331639721e-08 1.141008240897552624e-16
7.041989785449295322e-08 1.189391562356227832e-16
7.340598369757212442e-08 1.239826530517760677e-16
7.651869154570817861e-08 1.292400143423347028e-16
7.976339067929281194e-08 1.347203088179733010e-16
8.314567805772064209e-08 1.404329897390368009e-16
8.667138797389224784e-08 1.463879112219890084e-16
9.034660211810534464e-08 1.525953452373174187e-16
9.417766006869518808e-08 1.590659993282173384e-16
9.817117022752183165e-08 1.658110350806218679e-16
1.023340212191642215e-07 1.728420873764323427e-16
1.066733937734857130e-07 1.801712844631629641e-16
1.111967731120697747e-07 1.878112688746216152e-16
1.159119618598885682e-07 1.957752192387087934e-16
1.208270935044775971e-07 2.040768730099536358e-16
1.259506464258358884e-07 2.127305501660052582e-16
1.312914585212465275e-07 2.217511779089439788e-16
1.368587424502520482e-07 2.311543164140335978e-16
1.426621015260738263e-07 2.409561856703171710e-16
1.487115462808953781e-07 2.511736934593686271e-16
1.550175117335771904e-07 2.618244645204503387e-16
1.615908753895919081e-07 2.729268709523905886e-16
1.684429760042315257e-07 2.845000639046270188e-16
1.755856331414470512e-07 2.965640066120724624e-16
1.830311675620613017e-07 3.091395088307915544e-16
1.907924224765264963e-07 3.222482627338927003e-16
1.988827856988811764e-07 3.359128803295455521e-16
2.073162127401231252e-07 3.501569324656706610e-16
2.161072508808376594e-07 3.650049894885913888e-16
2.252710642645982695e-07 3.804826636257692829e-16
2.348234600554276511e-07 3.966166531657366637e-16
2.447809157044440390e-07 4.134347885114425660e-16
2.551606073727186320e-07 4.309660801864380015e-16
2.659804395593758544e-07 4.492407688767161458e-16
2.772590759860481158e-07 4.682903775945335350e-16
2.890159717909511334e-07 4.881477660541801325e-16
3.012714070881164328e-07 5.088471873534983622e-16
3.140465219496748803e-07 5.304243470589350044e-16
3.273633528715247702e-07 5.529164647960273566e-16
3.412448707852889448e-07 5.763623384515719816e-16
3.557150206821382366e-07 6.008024110982327073e-16
3.707987629168172595e-07 6.262788407570111433e-16
3.865221162631261751e-07 6.528355731179232100e-16
4.029122027951351789e-07 6.805184173443383681e-16
4.199972946715306122e-07 7.093751250917057624e-16
4.378068629038166329e-07 7.394554728770115322e-16
4.563716281924763051e-07 7.708113479410176687e-16
4.757236139187889243e-07 8.034968377514034803e-16
4.958962013837222009e-07 8.375683233012137042e-16
5.169241873891603347e-07 8.730845763635109151e-16
5.388438442608223497e-07 9.101068608700412841e-16
5.616929824163815049e-07 9.486990385887426206e-16
5.855110155867243528e-07 9.889276792824029174e-16
6.103390288028621038e-07 1.030862175538504808e-15
6.362198492657495432e-07 1.074574862468298183e-15
6.631981202212675770e-07 1.120141142481591227e-15
6.913203779678128213e-07 1.167639615352514178e-15
7.206351321293059285e-07 1.217152213800571174e-15
7.511929493320968915e-07 1.268764344820872899e-15
7.830465404301182578e-07 1.322565037007356777e-15
8.162508514287236451e-07 1.378647094123083639e-15
8.508631582640581318e-07 1.437107255182526338e-15
8.869431656014703861e-07 1.498046361322014935e-15
9.245531098233580113e-07 1.561569529746133060e-15
9.637578663841089376e-07 1.627786335050135699e-15
1.004625061717340180e-06 1.696810998231194062e-15
1.047225189888435394e-06 1.768762583714446334e-15
1.091631734193614770e-06 1.843765204733738990e-15
1.137921293915313960e-06 1.921948237421369030e-15
1.186173716452479197e-06 2.003446543976055464e-15
1.236472235053714927e-06 2.088400705294127622e-15
1.288903612390891551e-06 2.176957263465242194e-15
1.343558290220826187e-06 2.269268974550853445e-15
1.400530545393222473e-06 2.365495072081511242e-15
1.459918652473977078e-06 2.465801541727506452e-15
1.521825053264387058e-06 2.570361407616688269e-15
1.586356533508592829e-06 2.679355030793207454e-15
1.653624407094178687e-06 2.792970420332197636e-15
1.723744708063619884e-06 2.911403557646968028e-15
1.796838390767722947e-06 3.034858734548018995e-15
1.873031538506438410e-06 3.163548905637223007e-15
1.952455581016861103e-06 3.297696055644899157e-15
2.035247521183579910e-06 3.437531582343429037e-15
2.121550171362452519e-06 3.583296695697939432e-15
2.211512399725488909e-06 3.735242833942632744e-15
2.305289387051710850e-06 3.893632097300359955e-15
2.403042894406969757e-06 4.058737700093639938e-15
2.504941542174502410e-06 4.230844442027063219e-15
2.611161100917462053e-06 4.410249199453897994e-15
2.721884794575179673e-06 4.597261437474351981e-15
2.837303616516211435e-06 4.792203743748942499e-15
2.957616658993256599e-06 4.995412384947608609e-15
3.083031456568277085e-06 5.207237886794493856e-15
3.213764344100275447e-06 5.428045638709038904e-15
3.350040829913136129e-06 5.658216524086193490e-15
3.492095984787271205e-06 5.898147577303027592e-15
3.640174847446137571e-06 6.148252668585157435e-15
3.794532847236942309e-06 6.408963217914154863e-15
3.955436244734701173e-06 6.680728939207478964e-15
4.123162591029747908e-06 6.964018616054744264e-15
4.298001206490798531e-06 7.259320910348190214e-15
4.480253679829498847e-06 7.567145205202336495e-15
4.670234388327330377e-06 7.888022483616852585e-15
4.868271040122284053e-06 8.222506244398349451e-15
5.074705239490476054e-06 8.571173456920620092e-15
5.289893076098145533e-06 8.934625556370835747e-15
5.514205739240301802e-06 9.313489481198175483e-15
5.748030158125362767e-06 9.708418754554109309e-15
5.991769669310612853e-06 1.012009461159040580e-14
6.245844712439617693e-06 1.054922717455911447e-14
6.510693555481467715e-06 1.099655667774112871e-14
6.786773050723302017e-06 1.146285474431699991e-14
7.074559422819878311e-06 1.194892571738209238e-14
7.374549090259561664e-06 1.245560804740203809e-14
7.687259521663735955e-06 1.298377573850181953e-14
8.013230128396886409e-06 1.353433985608355624e-14
8.353023195026787283e-06 1.410825009837307419e-14
8.707224849239921313e-06 1.470649643460635061e-14
9.076446072885356405e-06 1.533011081268188410e-14
9.461323755890779059e-06 1.598016893922410766e-14
9.862521794868783995e-06 1.665779213512861515e-14
1.028073223830864773e-05 1.736414926979022659e-14
1.071667648032864333e-05 1.810045877734978954e-14
1.117110650504824176e-05 1.886799075843791165e-14
1.164480618372685418e-05 1.966806917104136135e-14
1.213859262690628995e-05 2.050207411427068933e-14
1.265331759388942887e-05 2.137144420896867960e-14
1.318986896198669182e-05 2.227767907926657601e-14
1.374917225806420378e-05 2.322234193936780908e-14
1.433219225503573986e-05 2.420706229002173364e-14
1.493993463605256153e-05 2.523353872933905018e-14
1.557344772926135167e-05 2.630354188279669996e-14
1.623382431612281556e-05 2.741891745748665514e-14
1.692220351641035697e-05 2.858158942587732057e-14
1.763977275314045312e-05 2.979356334457950548e-14
1.838776980082330764e-05 3.105692981384028651e-14
1.916748492056813148e-05 3.237386808373426831e-14
1.998026308572550550e-05 3.374664981327192076e-14
2.082750630190518509e-05 3.517764298890796217e-14
2.171067602537267172e-05 3.666931600921140254e-14
2.263129568399529777e-05 3.822424194274165463e-14
2.359095330508638664e-05 3.984510296647539314e-14
2.459130425468046297e-05 4.153469499244042911e-14
2.563407409296515038e-05 4.329593249053805460e-14
2.672106155079437918e-05 4.513185351587172687e-14
2.785414163241768898e-05 4.704562494925457628e-14
2.903526884977813914e-05 4.904054795993625459e-14
3.026648059395695245e-05 5.112006369997043228e-14
3.154990064958088780e-05 5.328775924004636499e-14
3.288774285825509885e-05 5.554737375702425900e-14
3.428231493733974476e-05 5.790280498384622819e-14
3.573602246065788401e-05 6.035811593294901239e-14
3.725137300800209639e-05 6.291754190477765961e-14
3.883098049059608917e-05 6.558549779348701061e-14
4.047756965997322426e-05 6.836658570243428202e-14
4.219398080805024284e-05 7.126560288260009036e-14
4.398317466650228581e-05 7.428755000762942480e-14
4.584823751389095932e-05 7.743763979976711392e-14
4.779238649935594978e-05 8.072130602156914897e-14
4.981897519205165294e-05 8.414421284889710198e-14
5.193149936590212571e-05 8.771226464136501520e-14
5.413360302965375723e-05 9.143161612709401863e-14
5.642908471262542147e-05 9.530868301933969212e-14
5.882190401699967781e-05 9.935015308330721259e-14
6.131618844795768525e-05 1.035629976722442028e-13
6.391624053344005150e-05 1.079544837527116295e-13
6.662654524581163073e-05 1.125321864397702762e-13
6.945177773823688636e-05 1.173040020637130908e-13
7.239681140910876969e-05 1.222781617908796133e-13
7.546672630843902273e-05 1.274632458220432820e-13
7.866681790071590008e-05 1.328681981928714952e-13
8.200260619934131279e-05 1.385023422019834908e-13
8.547984528840422633e-05 1.443753964932186153e-13
8.910453324821521659e-05 1.504974918198569476e-13
9.288292250172498895e-05 1.568791885197127006e-13
9.682153059967095780e-05 1.635314947312389020e-13
1.009271514630571888e-04 1.704658853820678861e-13
1.052068671023622786e-04 1.776943219827447873e-13
1.096680598336869630e-04 1.852292732597920987e-13
1.143184250129150245e-04 1.930837366636979924e-13
1.191659843098558737e-04 2.012712607889336672e-13
1.242190995452618560e-04 2.098059687446654191e-13
1.294864871145904987e-04 2.187025825164785632e-13
1.349772330233941922e-04 2.279764483611397018e-13
1.407008085602686571e-04 2.376435632781953259e-13
1.466670866343968511e-04 2.477206026040714209e-13
1.528863588058729521e-04 2.582249487762784875e-13
1.593693530381776018e-04 2.691747213173292124e-13
1.661272522034293005e-04 2.805888080900946115e-13
1.731717133723356357e-04 2.924868978785175303e-13
1.805148879221109997e-04 3.048895143498712473e-13
1.881694424970555652e-04 3.178180514571619406e-13
1.961485808579433343e-04 3.312948103427292660e-13
2.044660666579117651e-04 3.453430378067073602e-13
2.131362471841437593e-04 3.599869664067084275e-13
2.221740781062886937e-04 3.752518562578878040e-13
2.315951492743154505e-04 3.911640386054991506e-13
2.414157116103017771e-04 4.077509612451068348e-13
2.516527051405394329e-04 4.250412358687913319e-13
2.623237882163123851e-04 4.430646874190223422e-13
2.734473679737579768e-04 4.618524055353419735e-13
2.850426320853437548e-04 4.814367981825860341e-13
2.971295818577334162e-04 5.018516475531556936e-13
3.097290667331413267e-04 5.231321683397801652e-13
3.228628202536733467e-04 5.453150684792618505e-13
3.365534975507094152e-04 5.684386124720166737e-13
3.508247144239795708e-04 5.925426873866047199e-13
3.657010880777493184e-04 6.176688716631178553e-13
3.812082795843888027e-04 6.438605068341171786e-13
3.973730381485612601e-04 6.711627722868149017e-13
4.142232472483898067e-04 6.996227631954718717e-13
4.317879727332021378e-04 7.292895717584529282e-13
4.500975129608051229e-04 7.602143718800473450e-13
4.691834510607798968e-04 7.924505074431364533e-13
4.890787094139589959e-04 8.260535843249906598e-13
5.098176064420429331e-04 8.610815663148905396e-13
5.314359158053241772e-04 8.975948750990396335e-13
5.539709281106400826e-04 9.356564944852517549e-13
5.774615152359826014e-04 9.753320790471706063e-13
6.019481973827273949e-04 1.016690067375435467e-12
6.274732129711587487e-04 1.059801800131171556e-12
6.540805914998259248e-04 1.104741643105391170e-12
6.818162294944478787e-04 1.151587115496637356e-12
7.107279696773426267e-04 1.200419023628092369e-12
7.408656834939568014e-04 1.251321600334827281e-12
7.722813571388642594e-04 1.304382650261649644e-12
8.050291812295988936e-04 1.359693701322142944e-12
8.391656442830161588e-04 1.417350162580172408e-12
8.747496301554415774e-04 1.477451488826225159e-12
9.118425196146581063e-04 1.540101352132423599e-12
9.505082962189511427e-04 1.605407820682154441e-12
9.908136566858666023e-04 1.673483545182821093e-12
1.032828125941029481e-03 1.744445953183214946e-12
1.076624177045493267e-03 1.818417451630720725e-12
1.122277356208509387e-03 1.895525638017793261e-12
1.169866413101308027e-03 1.975903520481838628e-12
1.219473436696738231e-03 2.059689747238267631e-12
1.271183996869030197e-03 2.147028845742390046e-12
1.325087291997953777e-03 2.238071471992732798e-12
1.381276302832009544e-03 2.332974670405856828e-12
1.439847952876009609e-03 2.431902144710863575e-12
1.500903275579736594e-03 2.535024540330919452e-12
1.564547588616095868e-03 2.642519738738928122e-12
1.630890675549334212e-03 2.754573164295018939e-12
1.700046975206718092e-03 2.871378104095174053e-12
1.772135779080358372e-03 2.993136041382767258e-12
1.847281437099636096e-03 3.120057003098040417e-12
1.925613572129198682e-03 3.252359922165063870e-12
2.007267303562572294e-03 3.390273015141184439e-12
2.092383480396978884e-03 3.534034175880222382e-12
2.181108924191519933e-03 3.683891385888665859e-12
2.273596682327719623e-03 3.840103142082545009e-12
2.370006292009330367e-03 4.002938902682911927e-12
2.470504055456825433e-03 4.172679552019137465e-12
2.575263326771203790e-03 4.349617885041667880e-12
2.684464810961965237e-03 4.534059112380059277e-12
2.798296875655115722e-03 4.726321386817571948e-12
2.916955876018798889e-03 4.926736352090324163e-12
3.040646493467068570e-03 5.135649714957716843e-12
3.169582088726115212e-03 5.353421841531034770e-12
3.303985069871861503e-03 5.580428378888677996e-12
3.444087275973823411e-03 5.817060903050362975e-12
3.590130377007068330e-03 6.063727594428127833e-12
3.742366290721984689e-03 6.320853941919073000e-12
3.901057617190993500e-03 6.588883476854438038e-12
4.066478091781862599e-03 6.868278538071201187e-12
4.238913057338783430e-03 7.159521069425573292e-12
4.418659956385941057e-03 7.463113451124471330e-12
4.606028844202407491e-03 7.779579366308637103e-12
4.801342923653455046e-03 8.109464704382339421e-12
5.004939102700953560e-03 8.453338502648026828e-12
5.217168575554354502e-03 8.811793927869919899e-12
5.438397428464801162e-03 9.185449299459816530e-12
5.669007271207434327e-03 9.574949156050257114e-12
5.909395895340977152e-03 9.980965367294473105e-12
6.159977960380168260e-03 1.040419829281113108e-11
6.421185709064758558e-03 1.084537799027315494e-11
6.693469712958667432e-03 1.130526547472414553e-11
6.977299649665537687e-03 1.178465403129490038e-11
7.273165113001469131e-03 1.228437058358456160e-11
7.581576457522117875e-03 1.280527712006627366e-11
7.903065678861348128e-03 1.334827218097853317e-11
8.238187331399618799e-03 1.391429240826641314e-11
8.587519484845179685e-03 1.450431416124652289e-11
8.951664721378302381e-03 1.511935520078287270e-11
9.331251175078259658e-03 1.576047644487829584e-11
9.726933615426178875e-03 1.642878379870998030e-11
1.013939457675291748e-02 1.712543006226609984e-11
1.056934553557989376e-02 1.785161691887362943e-11
1.101752813788387311e-02 1.860859700804767126e-11
1.148471547840288973e-02 1.939767608623822681e-11
1.197171343418968088e-02 2.022021527920098027e-11
1.247936205471311330e-02 2.107763342987758648e-11
1.300853701090573175e-02 2.197140954583594101e-11
1.356015110565634771e-02 2.290308535049104685e-11
1.413515584835395647e-02 2.387426794250855865e-11
1.473454309619837317e-02 2.488663256797724914e-11
1.535934676510898600e-02 2.594192551013263589e-11
1.601064461318317880e-02 2.704196710161697904e-11
1.668956009978026650e-02 2.818865486447068373e-11
1.739726432343802545e-02 2.938396678327190892e-11
1.813497804196495186e-02 3.062996471707093097e-11
1.890397377819223387e-02 3.192879795600368239e-11
1.970557801501800557e-02 3.328270692871990058e-11
2.054117348353064199e-02 3.469402706702171786e-11
2.141220154815731691e-02 3.616519283437782670e-11
2.232016469295234479e-02 3.769874192526270060e-11
2.326662911331458042e-02 3.929731964256536347e-11
2.425322741760355463e-02 4.096368346061711374e-11
2.528166144331500664e-02 4.270070778170991226e-11
2.635370519267398598e-02 4.451138889431102697e-11
2.747120789270814448e-02 4.639885014152459721e-11
2.863609718508115798e-02 4.836634730871791320e-11
2.985038245118735653e-02 5.041727423960390413e-11
3.111615827824363092e-02 5.255516869046776789e-11
3.243560807235811722e-02 5.478371843263741740e-11
3.381100782480688655e-02 5.710676761372202047e-11
3.524473003801587706e-02 5.952832338859264468e-11
3.673924781802074407e-02 6.205256283154397800e-11
3.829713914046285056e-02 6.468384014155842642e-11
3.992109129748053209e-02 6.742669415310226305e-11
4.161390553316707264e-02 7.028585616541070859e-11
4.337850187558993376e-02 7.326625810376499432e-11
4.521792417370702061e-02 7.637304102684015745e-11
4.713534534786916613e-02 7.961156399480002761e-11
4.913407286296366666e-02 8.298741331343256535e-11
5.121755443364241212e-02 8.650641217027610197e-11
5.338938397147360848e-02 9.017463067935428099e-11
5.565330778427651781e-02 9.399839635184781660e-11
5.801323103833378597e-02 9.798430501076656113e-11
6.047322449462655403e-02 1.021392321684455784e-10
6.303753153071281479e-02 1.064703448864926548e-10
6.571057546036269958e-02 1.109851141386469540e-10
6.849696716357453474e-02 1.156913276978705437e-10
7.140151304013403477e-02 1.205971035699041684e-10
7.442922330043758028e-02 1.257109039964616862e-10
7.758532060787844131e-02 1.310415500522140414e-10
8.087524908770457599e-02 1.365982368607436871e-10
8.430468371788966964e-02 1.423905494557187821e-10
8.787954011821327849e-02 1.484284793146425792e-10
9.160598475443709754e-02 1.547224415936995435e-10
9.549044557518097942e-02 1.612832930934313608e-10
9.953962309984243362e-02 1.681223509862248354e-10
1.037605019766911774e-01 1.752514123379252036e-10
1.081603630310711550e-01 1.826827744572405187e-10
1.127467958244947333e-01 1.904292561080426534e-10
1.175277117462945192e-01 1.985042196211577346e-10
1.225113576604120319e-01 2.069215939437821921e-10
1.277063301308644649e-01 2.156958986662858274e-10
1.331215902504307713e-01 2.248422690678517972e-10
1.387664790981310015e-01 2.343764822241480010e-10
1.446507338521647035e-01 2.443149842220683086e-10
1.507845045861050948e-01 2.546749185284921750e-10
1.571783717773164446e-01 2.654741555619891090e-10
1.638433645577984654e-01 2.767313235184812589e-10
1.707909797389430273e-01 2.884658405040439694e-10
1.780332016430115627e-01 3.006979480302564420e-10
1.855825227755519002e-01 3.134487459298988476e-10
1.934519653744048162e-01 3.267402287532088004e-10
2.016551038724748446e-01 3.405953237074845924e-10
2.102060883130158486e-01 3.550379302054858587e-10
2.191196687578151892e-01 3.700929610908386565e-10
2.284112207303825581e-01 3.857863856115629517e-10
2.380967717380358395e-01 4.021452742158562973e-10
2.481930289186257688e-01 4.191978452473918082e-10
2.587174078595924076e-01 4.369735136206832927e-10
2.696880626390692481e-01 4.555029415604886283e-10
2.811239171408467241e-01 4.748180914927599030e-10
2.930446976972144180e-01 4.949522811783805677e-10
3.054709671159974160e-01 5.159402411848047191e-10
3.184241601504656516e-01 5.378181747947085032e-10
3.319266204733190007e-01 5.606238204550236088e-10
3.460016392185115697e-01 5.843965168740509389e-10
3.606734951574031567e-01 6.091772708789509497e-10
3.759674965785467782e-01 6.350088281506742913e-10
3.919100249433409844e-01 6.619357469583266905e-10
4.085285803928565551e-01 6.900044750201663275e-10
4.258518291843414461e-01 7.192634296238264160e-10
4.439096531392175415e-01 7.497630811439449547e-10
4.627332011878693141e-01 7.815560401012760412e-10
4.823549431001467047e-01 8.146971479134698995e-10
5.028087254942484874e-01 8.492435714940358756e-10
5.241298302206061077e-01 8.852549018626800750e-10
5.463550352214875394e-01 9.227932569371318821e-10
5.695226779712830867e-01 9.619233886837405046e-10
5.936727216069126456e-01 1.002712794811684564e-09
6.188468238624394990e-01 1.045231835203485111e-09
6.450884089267698851e-01 1.089553853282607338e-09
6.724427423484249378e-01 1.135755302527566132e-09
7.009570091165632233e-01 1.183915878350716870e-09
7.306803950529506819e-01 1.234118655569231969e-09
7.616641716552892127e-01 1.286450231705422701e-09
7.939617845382291872e-01 1.341000876363544262e-09
8.276289456246351817e-01 1.397864686940776290e-09
8.627237292461450435e-01 1.457139750940997892e-09
8.993066723187632672e-01 1.518928315171291203e-09
9.374408787663000009e-01 1.583336962113054523e-09
9.771921283717996953e-01 1.650476793771985409e-09
1.018628990244688559e+00 1.720463623324010886e-09
1.061822941099386908e+00 1.793418174887777475e-09
1.106848488549411869e+00 1.869466291768300364e-09
1.153783299629661974e+00 1.948739153531009633e-09
1.202708334768514575e+00 2.031373502280523368e-09
1.253707987440919602e+00 2.117511878534624482e-09
1.306870229743347656e+00 2.207302867100239143e-09
1.362286764141649620e+00 2.300901353375462486e-09
1.420053181653681662e+00 2.398468790519897985e-09
1.480269126739510055e+00 2.500173477954091440e-09
1.543038469183567685e+00 2.606190851668369462e-09
1.608469483265355215e+00 2.716703786842024253e-09
1.676675034527700836e+00 2.831902913294765896e-09
1.747772774464684487e+00 2.951986944314487919e-09
1.821885343465165175e+00 3.077163019428734140e-09
1.899140582361935614e+00 3.207647061711068505e-09
1.979671752951336572e+00 3.343664150238544093e-09
2.063617767863856756e+00 3.485448908342977009e-09
2.151123430182167340e+00 3.633245908325634053e-09
2.242339683219849444e+00 3.787310093333320333e-09
2.337423870891812694e+00 3.947907217123827550e-09
2.436540009125466089e+00 4.115314302479205936e-09
2.539859068780728979e+00 4.289820119057451780e-09
2.647559270567074741e+00 4.471725681507184300e-09
2.759826392466180334e+00 4.661344768704276893e-09
2.876854090190597457e+00 4.859004465006315740e-09
2.998844231231037050e+00 5.065045724458224286e-09
3.126007243068703367e+00 5.279823958922641024e-09
3.258562476153229692e+00 5.503709651149386594e-09
3.396738582272216700e+00 5.737088993841341498e-09
3.540773908965269889e+00 5.980364555819467918e-09
3.690916910662782158e+00 6.233955976435912966e-09
3.847426577258513891e+00 6.498300689432784635e-09
4.010572880855495903e+00 6.773854677495658888e-09
4.180637241455761988e+00 7.061093258803197153e-09
4.357913012397038877e+00 7.360511906929363580e-09
4.542705986374042659e+00 7.672627105513025307e-09
4.735334922917121325e+00 7.997977239168996398e-09
4.936132098237926868e+00 8.337123522176978710e-09
5.145443878390924652e+00 8.690650966550931417e-09
5.363631316739245314e+00 9.059169391158466269e-09
5.591070776755304728e+00 9.443314473630633426e-09
5.828154581230839959e+00 9.843748846877205102e-09
6.075291689016077079e+00 1.026116324209863840e-08
6.332908400455127484e+00 1.069627768026594167e-08
6.601449092734882562e+00 1.114984271412442501e-08
6.881376986415670416e+00 1.162264072286342486e-08
7.173174944465626979e+00 1.211548726168477014e-08
7.477346305177580810e+00 1.262923246859879603e-08
7.794415750404950494e+00 1.316476253087414528e-08
8.124930210614063952e+00 1.372300121367047509e-08
8.469459808314576676e+00 1.430491145349174818e-08
8.828598841495150396e+00 1.491149701920837782e-08
9.202966808760429274e+00 1.554380424351283081e-08
9.593209477938270169e+00 1.620292382779646656e-08
1.000000000000000000e+01 1.688999272356004973e-08
