1.000000000000000000e+00 3.000000000000000000e+00
1.019019019019018923e+00 3.000000000000000000e+00
1.038038038038038069e+00 3.000000000000000000e+00
1.057057057057056992e+00 3.000000000000000000e+00
1.076076076076076138e+00 3.000000000000000000e+00
1.095095095095095061e+00 3.000000000000000000e+00
1.114114114114114207e+00 3.000000000000000000e+00
1.133133133133133130e+00 3.000000000000000000e+00
1.152152152152152276e+00 3.000000000000000000e+00
1.171171171171171199e+00 3.000000000000000000e+00
1.190190190190190123e+00 3.000000000000000000e+00
1.209209209209209268e+00 3.000000000000000000e+00
1.228228228228228192e+00 3.000000000000000000e+00
1.247247247247247337e+00 3.000000000000000000e+00
1.266266266266266260e+00 3.000000000000000000e+00
1.285285285285285184e+00 3.000000000000000000e+00
1.304304304304304329e+00 3.000000000000000000e+00
1.323323323323323475e+00 3.000000000000000000e+00
1.342342342342342398e+00 3.000000000000000000e+00
1.361361361361361322e+00 3.000000000000000000e+00
1.380380380380380467e+00 3.000000000000000000e+00
1.399399399399399391e+00 3.000000000000000000e+00
1.418418418418418536e+00 3.000000000000000000e+00
1.437437437437437460e+00 3.000000000000000000e+00
1.456456456456456383e+00 3.000000000000000000e+00
1.475475475475475529e+00 3.000000000000000000e+00
1.494494494494494674e+00 3.000000000000000000e+00
1.513513513513513598e+00 3.000000000000000000e+00
1.532532532532532521e+00 3.000000000000000000e+00
1.551551551551551444e+00 3.000000000000000000e+00
1.570570570570570590e+00 3.000000000000000000e+00
1.589589589589589735e+00 3.000000000000000000e+00
1.608608608608608659e+00 3.000000000000000000e+00
1.627627627627627582e+00 3.000000000000000000e+00
1.646646646646646728e+00 3.000000000000000000e+00
1.665665665665665873e+00 3.000000000000000000e+00
1.684684684684684797e+00 3.000000000000000000e+00
1.703703703703703720e+00 3.000000000000000000e+00
1.722722722722722644e+00 3.000000000000000000e+00
1.741741741741741789e+00 3.000000000000000000e+00
1.760760760760760935e+00 3.000000000000000000e+00
1.779779779779779858e+00 3.000000000000000000e+00
1.798798798798798781e+00 3.000000000000000000e+00
1.817817817817817927e+00 3.000000000000000000e+00
1.836836836836836850e+00 3.000000000000000000e+00
1.855855855855855996e+00 3.000000000000000000e+00
1.874874874874874919e+00 3.000000000000000000e+00
1.893893893893893843e+00 3.000000000000000000e+00
1.912912912912912988e+00 3.000000000000000000e+00
1.931931931931932134e+00 3.000000000000000000e+00
1.950950950950951057e+00 3.000000000000000000e+00
1.969969969969969981e+00 3.000000000000000000e+00
1.988988988988989126e+00 3.000000000000000000e+00
2.008008008008007828e+00 3.000000000000000000e+00
2.027027027027027195e+00 3.000000000000000000e+00
2.046046046046046119e+00 3.000000000000000000e+00
2.065065065065065042e+00 3.000000000000000000e+00
2.084084084084084409e+00 3.000000000000000000e+00
2.103103103103102889e+00 3.000000000000000000e+00
2.122122122122122256e+00 3.000000000000000000e+00
2.141141141141141180e+00 3.000000000000000000e+00
2.160160160160160103e+00 3.000000000000000000e+00
2.179179179179179471e+00 3.000000000000000000e+00
2.198198198198198394e+00 3.000000000000000000e+00
2.217217217217217318e+00 3.000000000000000000e+00
2.236236236236236241e+00 3.000000000000000000e+00
2.255255255255255165e+00 3.000000000000000000e+00
2.274274274274274532e+00 3.000000000000000000e+00
2.293293293293293456e+00 3.000000000000000000e+00
2.312312312312312379e+00 3.000000000000000000e+00
2.331331331331331747e+00 3.000000000000000000e+00
2.350350350350350226e+00 3.000000000000000000e+00
2.369369369369369593e+00 3.000000000000000000e+00
2.388388388388388517e+00 3.000000000000000000e+00
2.407407407407407440e+00 3.000000000000000000e+00
2.426426426426426808e+00 3.000000000000000000e+00
2.445445445445445287e+00 3.000000000000000000e+00
2.464464464464464655e+00 3.000000000000000000e+00
2.483483483483483578e+00 3.000000000000000000e+00
2.502502502502502502e+00 3.000000000000000000e+00
2.521521521521521869e+00 3.000000000000000000e+00
2.540540540540540349e+00 3.000000000000000000e+00
2.559559559559559716e+00 3.000000000000000000e+00
2.578578578578578639e+00 3.000000000000000000e+00
2.597597597597597563e+00 3.000000000000000000e+00
2.616616616616616930e+00 3.000000000000000000e+00
2.635635635635635854e+00 3.000000000000000000e+00
2.654654654654654777e+00 3.000000000000000000e+00
2.673673673673673701e+00 3.000000000000000000e+00
2.692692692692692624e+00 3.000000000000000000e+00
2.711711711711711992e+00 3.000000000000000000e+00
2.730730730730730915e+00 3.000000000000000000e+00
2.749749749749749839e+00 3.000000000000000000e+00
2.768768768768769206e+00 3.000000000000000000e+00
2.787787787787787686e+00 3.000000000000000000e+00
2.806806806806807053e+00 3.000000000000000000e+00
2.825825825825825977e+00 3.000000000000000000e+00
2.844844844844844900e+00 3.000000000000000000e+00
2.863863863863864268e+00 3.000000000000000000e+00
2.882882882882882747e+00 3.000000000000000000e+00
2.901901901901902114e+00 3.000000000000000000e+00
2.920920920920921038e+00 3.000000000000000000e+00
2.939939939939939961e+00 3.000000000000000000e+00
2.958958958958959329e+00 3.000000000000000000e+00
2.977977977977978252e+00 3.000000000000000000e+00
2.996996996996997176e+00 3.000000000000000000e+00
3.016016016016016099e+00 3.000000000000000000e+00
3.035035035035035023e+00 3.000000000000000000e+00
3.054054054054054390e+00 3.000000000000000000e+00
3.073073073073073314e+00 3.000000000000000000e+00
3.092092092092092237e+00 3.000000000000000000e+00
3.111111111111111160e+00 3.000000000000000000e+00
3.130130130130130084e+00 3.000000000000000000e+00
3.149149149149149451e+00 3.000000000000000000e+00
3.168168168168168375e+00 3.000000000000000000e+00
3.187187187187187298e+00 3.000000000000000000e+00
3.206206206206206222e+00 3.000000000000000000e+00
3.225225225225225589e+00 3.000000000000000000e+00
3.244244244244244513e+00 3.000000000000000000e+00
3.263263263263263436e+00 3.000000000000000000e+00
3.282282282282282360e+00 3.000000000000000000e+00
3.301301301301301283e+00 3.000000000000000000e+00
3.320320320320320651e+00 3.000000000000000000e+00
3.339339339339339574e+00 3.000000000000000000e+00
3.358358358358358497e+00 3.000000000000000000e+00
3.377377377377377421e+00 3.000000000000000000e+00
3.396396396396396788e+00 3.000000000000000000e+00
3.415415415415415712e+00 3.000000000000000000e+00
3.434434434434434635e+00 3.000000000000000000e+00
3.453453453453453559e+00 3.000000000000000000e+00
3.472472472472472482e+00 3.000000000000000000e+00
3.491491491491491850e+00 3.000000000000000000e+00
3.510510510510510773e+00 3.000000000000000000e+00
3.529529529529529697e+00 3.000000000000000000e+00
3.548548548548548620e+00 3.000000000000000000e+00
3.567567567567567988e+00 3.000000000000000000e+00
3.586586586586586911e+00 3.000000000000000000e+00
3.605605605605605835e+00 3.000000000000000000e+00
3.624624624624624758e+00 3.000000000000000000e+00
3.643643643643643681e+00 3.000000000000000000e+00
3.662662662662663049e+00 3.000000000000000000e+00
3.681681681681681972e+00 3.000000000000000000e+00
3.700700700700700896e+00 3.000000000000000000e+00
3.719719719719719819e+00 3.000000000000000000e+00
3.738738738738739187e+00 3.000000000000000000e+00
3.757757757757758110e+00 3.000000000000000000e+00
3.776776776776777034e+00 3.000000000000000000e+00
3.795795795795795957e+00 3.000000000000000000e+00
3.814814814814814881e+00 3.000000000000000000e+00
3.833833833833834248e+00 3.000000000000000000e+00
3.852852852852853172e+00 3.000000000000000000e+00
3.871871871871872095e+00 3.000000000000000000e+00
3.890890890890891018e+00 3.000000000000000000e+00
3.909909909909909942e+00 3.000000000000000000e+00
3.928928928928929309e+00 3.000000000000000000e+00
3.947947947947948233e+00 3.000000000000000000e+00
3.966966966966967156e+00 3.000000000000000000e+00
3.985985985985986080e+00 3.000000000000000000e+00
4.005005005005005003e+00 3.000000000000000000e+00
4.024024024024024371e+00 3.000000000000000000e+00
4.043043043043043738e+00 3.000000000000000000e+00
4.062062062062062218e+00 3.000000000000000000e+00
4.081081081081080697e+00 3.000000000000000000e+00
4.100100100100100065e+00 3.000000000000000000e+00
4.119119119119119432e+00 3.000000000000000000e+00
4.138138138138138800e+00 3.000000000000000000e+00
4.157157157157157279e+00 3.000000000000000000e+00
4.176176176176176646e+00 3.000000000000000000e+00
4.195195195195195126e+00 3.000000000000000000e+00
4.214214214214214493e+00 3.000000000000000000e+00
4.233233233233233861e+00 3.000000000000000000e+00
4.252252252252252340e+00 3.000000000000000000e+00
4.271271271271271708e+00 3.000000000000000000e+00
4.290290290290290187e+00 3.000000000000000000e+00
4.309309309309309555e+00 3.000000000000000000e+00
4.328328328328328922e+00 3.000000000000000000e+00
4.347347347347347402e+00 3.000000000000000000e+00
4.366366366366366769e+00 3.000000000000000000e+00
4.385385385385385248e+00 3.000000000000000000e+00
4.404404404404404616e+00 3.000000000000000000e+00
4.423423423423423984e+00 3.000000000000000000e+00
4.442442442442443351e+00 3.000000000000000000e+00
4.461461461461461830e+00 3.000000000000000000e+00
4.480480480480480310e+00 3.000000000000000000e+00
4.499499499499499677e+00 3.000000000000000000e+00
4.518518518518519045e+00 3.000000000000000000e+00
4.537537537537538412e+00 3.000000000000000000e+00
4.556556556556556892e+00 3.000000000000000000e+00
4.575575575575575371e+00 3.000000000000000000e+00
4.594594594594594739e+00 3.000000000000000000e+00
4.613613613613614106e+00 3.000000000000000000e+00
4.632632632632633474e+00 3.000000000000000000e+00
4.651651651651651953e+00 3.000000000000000000e+00
4.670670670670670432e+00 3.000000000000000000e+00
4.689689689689689800e+00 3.000000000000000000e+00
4.708708708708709167e+00 3.000000000000000000e+00
4.727727727727728535e+00 3.000000000000000000e+00
4.746746746746747014e+00 3.000000000000000000e+00
4.765765765765765494e+00 3.000000000000000000e+00
4.784784784784784861e+00 3.000000000000000000e+00
4.803803803803804229e+00 3.000000000000000000e+00
4.822822822822823596e+00 3.000000000000000000e+00
4.841841841841842076e+00 3.000000000000000000e+00
4.860860860860860555e+00 3.000000000000000000e+00
4.879879879879879923e+00 3.000000000000000000e+00
4.898898898898899290e+00 3.000000000000000000e+00
4.917917917917918658e+00 3.000000000000000000e+00
4.936936936936937137e+00 3.000000000000000000e+00
4.955955955955956505e+00 3.000000000000000000e+00
4.974974974974974984e+00 3.000000000000000000e+00
4.993993993993994351e+00 3.000000000000000000e+00
5.013013013013013719e+00 3.000000000000000000e+00
5.032032032032032198e+00 3.000000000000000000e+00
5.051051051051051566e+00 3.000000000000000000e+00
5.070070070070070045e+00 3.000000000000000000e+00
5.089089089089089413e+00 3.000000000000000000e+00
5.108108108108108780e+00 3.000000000000000000e+00
5.127127127127127260e+00 3.000000000000000000e+00
5.146146146146146627e+00 3.000000000000000000e+00
5.165165165165165106e+00 3.000000000000000000e+00
5.184184184184184474e+00 3.000000000000000000e+00
5.203203203203203842e+00 3.000000000000000000e+00
5.222222222222222321e+00 3.000000000000000000e+00
5.241241241241241688e+00 3.000000000000000000e+00
5.260260260260260168e+00 3.000000000000000000e+00
5.279279279279279535e+00 3.000000000000000000e+00
5.298298298298298903e+00 3.000000000000000000e+00
5.317317317317317382e+00 3.000000000000000000e+00
5.336336336336336750e+00 3.000000000000000000e+00
5.355355355355356117e+00 3.000000000000000000e+00
5.374374374374374597e+00 3.000000000000000000e+00
5.393393393393393964e+00 3.000000000000000000e+00
5.412412412412412444e+00 3.000000000000000000e+00
5.431431431431431811e+00 3.000000000000000000e+00
5.450450450450451179e+00 3.000000000000000000e+00
5.469469469469469658e+00 3.000000000000000000e+00
5.488488488488489025e+00 3.000000000000000000e+00
5.507507507507507505e+00 3.000000000000000000e+00
5.526526526526526872e+00 3.000000000000000000e+00
5.545545545545546240e+00 3.000000000000000000e+00
5.564564564564564719e+00 3.000000000000000000e+00
5.583583583583584087e+00 3.000000000000000000e+00
5.602602602602602566e+00 3.000000000000000000e+00
5.621621621621621934e+00 3.000000000000000000e+00
5.640640640640641301e+00 3.000000000000000000e+00
5.659659659659659781e+00 3.000000000000000000e+00
5.678678678678679148e+00 3.000000000000000000e+00
5.697697697697698516e+00 3.000000000000000000e+00
5.716716716716716995e+00 3.000000000000000000e+00
5.735735735735736363e+00 3.000000000000000000e+00
5.754754754754754842e+00 3.000000000000000000e+00
5.773773773773774209e+00 3.000000000000000000e+00
5.792792792792793577e+00 3.000000000000000000e+00
5.811811811811812056e+00 3.000000000000000000e+00
5.830830830830831424e+00 3.000000000000000000e+00
5.849849849849849903e+00 3.000000000000000000e+00
5.868868868868869271e+00 3.000000000000000000e+00
5.887887887887888638e+00 3.000000000000000000e+00
5.906906906906907118e+00 3.000000000000000000e+00
5.925925925925926485e+00 3.000000000000000000e+00
5.944944944944944965e+00 3.000000000000000000e+00
5.963963963963964332e+00 3.000000000000000000e+00
5.982982982982983700e+00 3.000000000000000000e+00
6.002002002002002179e+00 3.000000000000000000e+00
6.021021021021021546e+00 3.000000000000000000e+00
6.040040040040040026e+00 3.000000000000000000e+00
6.059059059059059393e+00 3.000000000000000000e+00
6.078078078078078761e+00 3.000000000000000000e+00
6.097097097097097240e+00 3.000000000000000000e+00
6.116116116116116608e+00 3.000000000000000000e+00
6.135135135135135975e+00 3.000000000000000000e+00
6.154154154154154455e+00 3.000000000000000000e+00
6.173173173173173822e+00 3.000000000000000000e+00
6.192192192192192302e+00 3.000000000000000000e+00
6.211211211211211669e+00 3.000000000000000000e+00
6.230230230230231037e+00 3.000000000000000000e+00
6.249249249249249516e+00 3.000000000000000000e+00
6.268268268268268884e+00 3.000000000000000000e+00
6.287287287287287363e+00 3.000000000000000000e+00
6.306306306306306730e+00 3.000000000000000000e+00
6.325325325325326098e+00 3.000000000000000000e+00
6.344344344344344577e+00 3.000000000000000000e+00
6.363363363363363945e+00 3.000000000000000000e+00
6.382382382382382424e+00 3.000000000000000000e+00
6.401401401401401792e+00 3.000000000000000000e+00
6.420420420420421159e+00 3.000000000000000000e+00
6.439439439439439639e+00 3.000000000000000000e+00
6.458458458458459006e+00 3.000000000000000000e+00
6.477477477477478374e+00 3.000000000000000000e+00
6.496496496496496853e+00 3.000000000000000000e+00
6.515515515515516221e+00 3.000000000000000000e+00
6.534534534534534700e+00 3.000000000000000000e+00
6.553553553553554067e+00 3.000000000000000000e+00
6.572572572572573435e+00 3.000000000000000000e+00
6.591591591591591914e+00 3.000000000000000000e+00
6.610610610610611282e+00 3.000000000000000000e+00
6.629629629629629761e+00 3.000000000000000000e+00
6.648648648648649129e+00 3.000000000000000000e+00
6.667667667667668496e+00 3.000000000000000000e+00
6.686686686686686976e+00 3.000000000000000000e+00
6.705705705705706343e+00 3.000000000000000000e+00
6.724724724724724823e+00 3.000000000000000000e+00
6.743743743743744190e+00 3.000000000000000000e+00
6.762762762762763558e+00 3.000000000000000000e+00
6.781781781781782037e+00 3.000000000000000000e+00
6.800800800800801404e+00 3.000000000000000000e+00
6.819819819819819884e+00 3.000000000000000000e+00
6.838838838838839251e+00 3.000000000000000000e+00
6.857857857857858619e+00 3.000000000000000000e+00
6.876876876876877098e+00 3.000000000000000000e+00
6.895895895895896466e+00 3.000000000000000000e+00
6.914914914914915833e+00 3.000000000000000000e+00
6.933933933933934313e+00 3.000000000000000000e+00
6.952952952952953680e+00 3.000000000000000000e+00
6.971971971971972160e+00 3.000000000000000000e+00
6.990990990990991527e+00 3.000000000000000000e+00
7.010010010010010895e+00 3.000000000000000000e+00
7.029029029029029374e+00 3.000000000000000000e+00
7.048048048048048742e+00 3.000000000000000000e+00
7.067067067067067221e+00 3.000000000000000000e+00
7.086086086086086588e+00 3.000000000000000000e+00
7.105105105105105956e+00 3.000000000000000000e+00
7.124124124124124435e+00 3.000000000000000000e+00
7.143143143143143803e+00 3.000000000000000000e+00
7.162162162162162282e+00 3.000000000000000000e+00
7.181181181181181650e+00 3.000000000000000000e+00
7.200200200200201017e+00 3.000000000000000000e+00
7.219219219219219497e+00 3.000000000000000000e+00
7.238238238238238864e+00 3.000000000000000000e+00
7.257257257257257343e+00 3.000000000000000000e+00
7.276276276276276711e+00 3.000000000000000000e+00
7.295295295295296079e+00 3.000000000000000000e+00
7.314314314314314558e+00 3.000000000000000000e+00
7.333333333333333925e+00 3.000000000000000000e+00
7.352352352352353293e+00 3.000000000000000000e+00
7.371371371371371772e+00 3.000000000000000000e+00
7.390390390390391140e+00 3.000000000000000000e+00
7.409409409409409619e+00 3.000000000000000000e+00
7.428428428428428987e+00 3.000000000000000000e+00
7.447447447447448354e+00 3.000000000000000000e+00
7.466466466466466834e+00 3.000000000000000000e+00
7.485485485485486201e+00 3.000000000000000000e+00
7.504504504504504681e+00 3.000000000000000000e+00
7.523523523523524048e+00 3.000000000000000000e+00
7.542542542542543416e+00 3.000000000000000000e+00
7.561561561561561895e+00 3.000000000000000000e+00
7.580580580580581262e+00 3.000000000000000000e+00
7.599599599599599742e+00 3.000000000000000000e+00
7.618618618618619109e+00 3.000000000000000000e+00
7.637637637637638477e+00 3.000000000000000000e+00
7.656656656656656956e+00 3.000000000000000000e+00
7.675675675675676324e+00 3.000000000000000000e+00
7.694694694694694803e+00 3.000000000000000000e+00
7.713713713713714171e+00 3.000000000000000000e+00
7.732732732732733538e+00 3.000000000000000000e+00
7.751751751751752018e+00 3.000000000000000000e+00
7.770770770770771385e+00 3.000000000000000000e+00
7.789789789789790753e+00 3.000000000000000000e+00
7.808808808808809232e+00 3.000000000000000000e+00
7.827827827827828600e+00 3.000000000000000000e+00
7.846846846846847079e+00 3.000000000000000000e+00
7.865865865865866446e+00 3.000000000000000000e+00
7.884884884884885814e+00 3.000000000000000000e+00
7.903903903903904293e+00 3.000000000000000000e+00
7.922922922922923661e+00 3.000000000000000000e+00
7.941941941941942140e+00 3.000000000000000000e+00
7.960960960960961508e+00 3.000000000000000000e+00
7.979979979979980875e+00 3.000000000000000000e+00
7.998998998998999355e+00 3.000000000000000000e+00
8.018018018018018722e+00 3.000000000000000000e+00
8.037037037037038090e+00 3.000000000000000000e+00
8.056056056056057457e+00 3.000000000000000000e+00
8.075075075075076825e+00 3.000000000000000000e+00
8.094094094094094416e+00 3.000000000000000000e+00
8.113113113113113783e+00 3.000000000000000000e+00
8.132132132132133151e+00 3.000000000000000000e+00
8.151151151151150742e+00 3.000000000000000000e+00
8.170170170170170110e+00 3.000000000000000000e+00
8.189189189189189477e+00 3.000000000000000000e+00
8.208208208208208845e+00 3.000000000000000000e+00
8.227227227227228212e+00 3.000000000000000000e+00
8.246246246246247580e+00 3.000000000000000000e+00
8.265265265265266947e+00 3.000000000000000000e+00
8.284284284284284539e+00 3.000000000000000000e+00
8.303303303303303906e+00 3.000000000000000000e+00
8.322322322322323274e+00 3.000000000000000000e+00
8.341341341341340865e+00 3.000000000000000000e+00
8.360360360360360232e+00 3.000000000000000000e+00
8.379379379379379600e+00 3.000000000000000000e+00
8.398398398398398967e+00 3.000000000000000000e+00
8.417417417417418335e+00 3.000000000000000000e+00
8.436436436436437702e+00 3.000000000000000000e+00
8.455455455455457070e+00 3.000000000000000000e+00
8.474474474474474661e+00 3.000000000000000000e+00
8.493493493493494029e+00 3.000000000000000000e+00
8.512512512512513396e+00 3.000000000000000000e+00
8.531531531531530987e+00 3.000000000000000000e+00
8.550550550550550355e+00 3.000000000000000000e+00
8.569569569569569722e+00 3.000000000000000000e+00
8.588588588588589090e+00 3.000000000000000000e+00
8.607607607607608458e+00 3.000000000000000000e+00
8.626626626626627825e+00 3.000000000000000000e+00
8.645645645645647193e+00 3.000000000000000000e+00
8.664664664664666560e+00 3.000000000000000000e+00
8.683683683683684151e+00 3.000000000000000000e+00
8.702702702702703519e+00 3.000000000000000000e+00
8.721721721721721110e+00 3.000000000000000000e+00
8.740740740740740478e+00 3.000000000000000000e+00
8.759759759759759845e+00 3.000000000000000000e+00
8.778778778778779213e+00 3.000000000000000000e+00
8.797797797797798580e+00 3.000000000000000000e+00
8.816816816816817948e+00 3.000000000000000000e+00
8.835835835835837315e+00 3.000000000000000000e+00
8.854854854854856683e+00 3.000000000000000000e+00
8.873873873873874274e+00 3.000000000000000000e+00
8.892892892892893641e+00 3.000000000000000000e+00
8.911911911911913009e+00 3.000000000000000000e+00
8.930930930930930600e+00 3.000000000000000000e+00
8.949949949949949968e+00 3.000000000000000000e+00
8.968968968968969335e+00 3.000000000000000000e+00
8.987987987987988703e+00 3.000000000000000000e+00
9.007007007007008070e+00 3.000000000000000000e+00
9.026026026026027438e+00 3.000000000000000000e+00
9.045045045045045029e+00 3.000000000000000000e+00
9.064064064064064397e+00 3.000000000000000000e+00
9.083083083083083764e+00 3.000000000000000000e+00
9.102102102102103132e+00 3.000000000000000000e+00
9.121121121121122499e+00 3.000000000000000000e+00
9.140140140140140090e+00 3.000000000000000000e+00
9.159159159159159458e+00 3.000000000000000000e+00
9.178178178178178825e+00 3.000000000000000000e+00
9.197197197197198193e+00 3.000000000000000000e+00
9.216216216216217560e+00 3.000000000000000000e+00
9.235235235235235152e+00 3.000000000000000000e+00
9.254254254254254519e+00 3.000000000000000000e+00
9.273273273273273887e+00 3.000000000000000000e+00
9.292292292292293254e+00 3.000000000000000000e+00
9.311311311311312622e+00 3.000000000000000000e+00
9.330330330330330213e+00 3.000000000000000000e+00
9.349349349349349581e+00 3.000000000000000000e+00
9.368368368368368948e+00 3.000000000000000000e+00
9.387387387387388316e+00 3.000000000000000000e+00
9.406406406406407683e+00 3.000000000000000000e+00
9.425425425425425274e+00 3.000000000000000000e+00
9.444444444444444642e+00 3.000000000000000000e+00
9.463463463463464009e+00 3.000000000000000000e+00
9.482482482482483377e+00 3.000000000000000000e+00
9.501501501501502744e+00 3.000000000000000000e+00
9.520520520520520336e+00 3.000000000000000000e+00
9.539539539539539703e+00 3.000000000000000000e+00
9.558558558558559071e+00 3.000000000000000000e+00
9.577577577577578438e+00 3.000000000000000000e+00
9.596596596596597806e+00 3.000000000000000000e+00
9.615615615615617173e+00 3.000000000000000000e+00
9.634634634634634764e+00 3.000000000000000000e+00
9.653653653653654132e+00 3.000000000000000000e+00
9.672672672672673500e+00 3.000000000000000000e+00
9.691691691691692867e+00 3.000000000000000000e+00
9.710710710710712235e+00 3.000000000000000000e+00
9.729729729729729826e+00 3.000000000000000000e+00
9.748748748748749193e+00 3.000000000000000000e+00
9.767767767767768561e+00 3.000000000000000000e+00
9.786786786786787928e+00 3.000000000000000000e+00
9.805805805805807296e+00 3.000000000000000000e+00
9.824824824824824887e+00 3.000000000000000000e+00
9.843843843843844255e+00 3.000000000000000000e+00
9.862862862862863622e+00 3.000000000000000000e+00
9.881881881881882990e+00 3.000000000000000000e+00
9.900900900900902357e+00 3.000000000000000000e+00
9.919919919919919948e+00 3.000000000000000000e+00
9.938938938938939316e+00 3.000000000000000000e+00
9.957957957957958683e+00 3.000000000000000000e+00
9.976976976976978051e+00 3.000000000000000000e+00
9.995995995995997419e+00 3.000000000000000000e+00
1.001501501501501501e+01 3.000000000000000000e+00
1.003403403403403438e+01 3.000000000000000000e+00
1.005305305305305374e+01 3.000000000000000000e+00
1.007207207207207311e+01 3.000000000000000000e+00
1.009109109109109248e+01 3.000000000000000000e+00
1.011011011011011007e+01 3.000000000000000000e+00
1.012912912912912944e+01 3.000000000000000000e+00
1.014814814814814881e+01 3.000000000000000000e+00
1.016716716716716817e+01 3.000000000000000000e+00
1.018618618618618754e+01 3.000000000000000000e+00
1.020520520520520513e+01 3.000000000000000000e+00
1.022422422422422450e+01 3.000000000000000000e+00
1.024324324324324387e+01 3.000000000000000000e+00
1.026226226226226323e+01 3.000000000000000000e+00
1.028128128128128260e+01 3.000000000000000000e+00
1.030030030030030019e+01 3.000000000000000000e+00
1.031931931931931956e+01 3.000000000000000000e+00
1.033833833833833893e+01 3.000000000000000000e+00
1.035735735735735830e+01 3.000000000000000000e+00
1.037637637637637766e+01 3.000000000000000000e+00
1.039539539539539703e+01 3.000000000000000000e+00
1.041441441441441462e+01 3.000000000000000000e+00
1.043343343343343399e+01 3.000000000000000000e+00
1.045245245245245336e+01 3.000000000000000000e+00
1.047147147147147273e+01 3.000000000000000000e+00
1.049049049049049209e+01 3.000000000000000000e+00
1.050950950950950968e+01 3.000000000000000000e+00
1.052852852852852905e+01 3.000000000000000000e+00
1.054754754754754842e+01 3.000000000000000000e+00
1.056656656656656779e+01 3.000000000000000000e+00
1.058558558558558715e+01 3.000000000000000000e+00
1.060460460460460475e+01 3.000000000000000000e+00
1.062362362362362411e+01 3.000000000000000000e+00
1.064264264264264348e+01 3.000000000000000000e+00
1.066166166166166285e+01 3.000000000000000000e+00
1.068068068068068222e+01 3.000000000000000000e+00
1.069969969969969981e+01 3.000000000000000000e+00
1.071871871871871917e+01 3.000000000000000000e+00
1.073773773773773854e+01 3.000000000000000000e+00
1.075675675675675791e+01 3.000000000000000000e+00
1.077577577577577728e+01 3.000000000000000000e+00
1.079479479479479487e+01 3.000000000000000000e+00
1.081381381381381424e+01 3.000000000000000000e+00
1.083283283283283360e+01 3.000000000000000000e+00
1.085185185185185297e+01 3.000000000000000000e+00
1.087087087087087234e+01 3.000000000000000000e+00
1.088988988988988993e+01 3.000000000000000000e+00
1.090890890890890930e+01 3.000000000000000000e+00
1.092792792792792866e+01 3.000000000000000000e+00
1.094694694694694803e+01 3.000000000000000000e+00
1.096596596596596740e+01 3.000000000000000000e+00
1.098498498498498499e+01 3.000000000000000000e+00
1.100400400400400436e+01 3.000000000000000000e+00
1.102302302302302373e+01 3.000000000000000000e+00
1.104204204204204309e+01 3.000000000000000000e+00
1.106106106106106246e+01 3.000000000000000000e+00
1.108008008008008005e+01 3.000000000000000000e+00
1.109909909909909942e+01 3.000000000000000000e+00
1.111811811811811879e+01 3.000000000000000000e+00
1.113713713713713815e+01 3.000000000000000000e+00
1.115615615615615752e+01 3.000000000000000000e+00
1.117517517517517689e+01 3.000000000000000000e+00
1.119419419419419448e+01 3.000000000000000000e+00
1.121321321321321385e+01 3.000000000000000000e+00
1.123223223223223322e+01 3.000000000000000000e+00
1.125125125125125258e+01 3.000000000000000000e+00
1.127027027027027195e+01 3.000000000000000000e+00
1.128928928928928954e+01 3.000000000000000000e+00
1.130830830830830891e+01 3.000000000000000000e+00
1.132732732732732828e+01 3.000000000000000000e+00
1.134634634634634764e+01 3.000000000000000000e+00
1.136536536536536701e+01 3.000000000000000000e+00
1.138438438438438460e+01 3.000000000000000000e+00
1.140340340340340397e+01 3.000000000000000000e+00
1.142242242242242334e+01 3.000000000000000000e+00
1.144144144144144271e+01 3.000000000000000000e+00
1.146046046046046207e+01 3.000000000000000000e+00
1.147947947947947966e+01 3.000000000000000000e+00
1.149849849849849903e+01 3.000000000000000000e+00
1.151751751751751840e+01 3.000000000000000000e+00
1.153653653653653777e+01 3.000000000000000000e+00
1.155555555555555713e+01 3.000000000000000000e+00
1.157457457457457473e+01 3.000000000000000000e+00
1.159359359359359409e+01 3.000000000000000000e+00
1.161261261261261346e+01 3.000000000000000000e+00
1.163163163163163283e+01 3.000000000000000000e+00
1.165065065065065220e+01 3.000000000000000000e+00
1.166966966966966979e+01 3.000000000000000000e+00
1.168868868868868915e+01 3.000000000000000000e+00
1.170770770770770852e+01 3.000000000000000000e+00
1.172672672672672789e+01 3.000000000000000000e+00
1.174574574574574726e+01 3.000000000000000000e+00
1.176476476476476485e+01 3.000000000000000000e+00
1.178378378378378422e+01 3.000000000000000000e+00
1.180280280280280358e+01 3.000000000000000000e+00
1.182182182182182295e+01 3.000000000000000000e+00
1.184084084084084232e+01 3.000000000000000000e+00
1.185985985985985991e+01 3.000000000000000000e+00
1.187887887887887928e+01 3.000000000000000000e+00
1.189789789789789864e+01 3.000000000000000000e+00
1.191691691691691801e+01 3.000000000000000000e+00
1.193593593593593738e+01 3.000000000000000000e+00
1.195495495495495675e+01 3.000000000000000000e+00
1.197397397397397434e+01 3.000000000000000000e+00
1.199299299299299371e+01 3.000000000000000000e+00
1.201201201201201307e+01 3.000000000000000000e+00
1.203103103103103244e+01 3.000000000000000000e+00
1.205005005005005181e+01 3.000000000000000000e+00
1.206906906906906940e+01 3.000000000000000000e+00
1.208808808808808877e+01 3.000000000000000000e+00
1.210710710710710813e+01 3.000000000000000000e+00
1.212612612612612750e+01 3.000000000000000000e+00
1.214514514514514687e+01 3.000000000000000000e+00
1.216416416416416446e+01 3.000000000000000000e+00
1.218318318318318383e+01 3.000000000000000000e+00
1.220220220220220320e+01 3.000000000000000000e+00
1.222122122122122256e+01 3.000000000000000000e+00
1.224024024024024193e+01 3.000000000000000000e+00
1.225925925925925952e+01 3.000000000000000000e+00
1.227827827827827889e+01 3.000000000000000000e+00
1.229729729729729826e+01 3.000000000000000000e+00
1.231631631631631763e+01 3.000000000000000000e+00
1.233533533533533699e+01 3.000000000000000000e+00
1.235435435435435458e+01 3.000000000000000000e+00
1.237337337337337395e+01 3.000000000000000000e+00
1.239239239239239332e+01 3.000000000000000000e+00
1.241141141141141269e+01 3.000000000000000000e+00
1.243043043043043205e+01 3.000000000000000000e+00
1.244944944944944965e+01 3.000000000000000000e+00
1.246846846846846901e+01 3.000000000000000000e+00
1.248748748748748838e+01 3.000000000000000000e+00
1.250650650650650775e+01 3.000000000000000000e+00
1.252552552552552712e+01 3.000000000000000000e+00
1.254454454454454471e+01 3.000000000000000000e+00
1.256356356356356407e+01 3.000000000000000000e+00
1.258258258258258344e+01 3.000000000000000000e+00
1.260160160160160281e+01 3.000000000000000000e+00
1.262062062062062218e+01 3.000000000000000000e+00
1.263963963963963977e+01 3.000000000000000000e+00
1.265865865865865914e+01 3.000000000000000000e+00
1.267767767767767850e+01 3.000000000000000000e+00
1.269669669669669787e+01 3.000000000000000000e+00
1.271571571571571724e+01 3.000000000000000000e+00
1.273473473473473483e+01 3.000000000000000000e+00
1.275375375375375420e+01 3.000000000000000000e+00
1.277277277277277356e+01 3.000000000000000000e+00
1.279179179179179293e+01 3.000000000000000000e+00
1.281081081081081230e+01 3.000000000000000000e+00
1.282982982982983167e+01 3.000000000000000000e+00
1.284884884884884926e+01 3.000000000000000000e+00
1.286786786786786863e+01 3.000000000000000000e+00
1.288688688688688799e+01 3.000000000000000000e+00
1.290590590590590736e+01 3.000000000000000000e+00
1.292492492492492673e+01 3.000000000000000000e+00
1.294394394394394432e+01 3.000000000000000000e+00
1.296296296296296369e+01 3.000000000000000000e+00
1.298198198198198305e+01 3.000000000000000000e+00
1.300100100100100242e+01 3.000000000000000000e+00
1.302002002002002179e+01 3.000000000000000000e+00
1.303903903903903938e+01 3.000000000000000000e+00
1.305805805805805875e+01 3.000000000000000000e+00
1.307707707707707812e+01 3.000000000000000000e+00
1.309609609609609748e+01 3.000000000000000000e+00
1.311511511511511685e+01 3.000000000000000000e+00
1.313413413413413444e+01 3.000000000000000000e+00
1.315315315315315381e+01 3.000000000000000000e+00
1.317217217217217318e+01 3.000000000000000000e+00
1.319119119119119254e+01 3.000000000000000000e+00
1.321021021021021191e+01 3.000000000000000000e+00
1.322922922922922950e+01 3.000000000000000000e+00
1.324824824824824887e+01 3.000000000000000000e+00
1.326726726726726824e+01 3.000000000000000000e+00
1.328628628628628761e+01 3.000000000000000000e+00
1.330530530530530697e+01 3.000000000000000000e+00
1.332432432432432456e+01 3.000000000000000000e+00
1.334334334334334393e+01 3.000000000000000000e+00
1.336236236236236330e+01 3.000000000000000000e+00
1.338138138138138267e+01 3.000000000000000000e+00
1.340040040040040203e+01 3.000000000000000000e+00
1.341941941941941963e+01 3.000000000000000000e+00
1.343843843843843899e+01 3.000000000000000000e+00
1.345745745745745836e+01 3.000000000000000000e+00
1.347647647647647773e+01 3.000000000000000000e+00
1.349549549549549710e+01 3.000000000000000000e+00
1.351451451451451469e+01 3.000000000000000000e+00
1.353353353353353405e+01 3.000000000000000000e+00
1.355255255255255342e+01 3.000000000000000000e+00
1.357157157157157279e+01 3.000000000000000000e+00
1.359059059059059216e+01 3.000000000000000000e+00
1.360960960960961152e+01 3.000000000000000000e+00
1.362862862862862912e+01 3.000000000000000000e+00
1.364764764764764848e+01 3.000000000000000000e+00
1.366666666666666785e+01 3.000000000000000000e+00
1.368568568568568722e+01 3.000000000000000000e+00
1.370470470470470659e+01 3.000000000000000000e+00
1.372372372372372418e+01 3.000000000000000000e+00
1.374274274274274354e+01 3.000000000000000000e+00
1.376176176176176291e+01 3.000000000000000000e+00
1.378078078078078228e+01 3.000000000000000000e+00
1.379979979979980165e+01 3.000000000000000000e+00
1.381881881881881924e+01 3.000000000000000000e+00
1.383783783783783861e+01 3.000000000000000000e+00
1.385685685685685797e+01 3.000000000000000000e+00
1.387587587587587734e+01 3.000000000000000000e+00
1.389489489489489671e+01 3.000000000000000000e+00
1.391391391391391430e+01 3.000000000000000000e+00
1.393293293293293367e+01 3.000000000000000000e+00
1.395195195195195303e+01 3.000000000000000000e+00
1.397097097097097240e+01 3.000000000000000000e+00
1.398998998998999177e+01 3.000000000000000000e+00
1.400900900900900936e+01 3.000000000000000000e+00
1.402802802802802873e+01 3.000000000000000000e+00
1.404704704704704810e+01 3.000000000000000000e+00
1.406606606606606746e+01 3.000000000000000000e+00
1.408508508508508683e+01 3.000000000000000000e+00
1.410410410410410442e+01 3.000000000000000000e+00
1.412312312312312379e+01 3.000000000000000000e+00
1.414214214214214316e+01 3.000000000000000000e+00
1.416116116116116252e+01 3.000000000000000000e+00
1.418018018018018189e+01 3.000000000000000000e+00
1.419919919919919948e+01 3.000000000000000000e+00
1.421821821821821885e+01 3.000000000000000000e+00
1.423723723723723822e+01 3.000000000000000000e+00
1.425625625625625759e+01 3.000000000000000000e+00
1.427527527527527695e+01 3.000000000000000000e+00
1.429429429429429455e+01 3.000000000000000000e+00
1.431331331331331391e+01 3.000000000000000000e+00
1.433233233233233328e+01 3.000000000000000000e+00
1.435135135135135265e+01 3.000000000000000000e+00
1.437037037037037202e+01 3.000000000000000000e+00
1.438938938938938961e+01 3.000000000000000000e+00
1.440840840840840897e+01 3.000000000000000000e+00
1.442742742742742834e+01 3.000000000000000000e+00
1.444644644644644771e+01 3.000000000000000000e+00
1.446546546546546708e+01 3.000000000000000000e+00
1.448448448448448644e+01 3.000000000000000000e+00
1.450350350350350404e+01 3.000000000000000000e+00
1.452252252252252340e+01 3.000000000000000000e+00
1.454154154154154277e+01 3.000000000000000000e+00
1.456056056056056214e+01 3.000000000000000000e+00
1.457957957957958151e+01 3.000000000000000000e+00
1.459859859859859910e+01 3.000000000000000000e+00
1.461761761761761846e+01 3.000000000000000000e+00
1.463663663663663783e+01 3.000000000000000000e+00
1.465565565565565720e+01 3.000000000000000000e+00
1.467467467467467657e+01 3.000000000000000000e+00
1.469369369369369416e+01 3.000000000000000000e+00
1.471271271271271353e+01 3.000000000000000000e+00
1.473173173173173289e+01 3.000000000000000000e+00
1.475075075075075226e+01 3.000000000000000000e+00
1.476976976976977163e+01 3.000000000000000000e+00
1.478878878878878922e+01 3.000000000000000000e+00
1.480780780780780859e+01 3.000000000000000000e+00
1.482682682682682795e+01 3.000000000000000000e+00
1.484584584584584732e+01 3.000000000000000000e+00
1.486486486486486669e+01 3.000000000000000000e+00
1.488388388388388428e+01 3.000000000000000000e+00
1.490290290290290365e+01 3.000000000000000000e+00
1.492192192192192302e+01 3.000000000000000000e+00
1.494094094094094238e+01 3.000000000000000000e+00
1.495995995995996175e+01 3.000000000000000000e+00
1.497897897897897934e+01 3.000000000000000000e+00
1.499799799799799871e+01 3.000000000000000000e+00
1.501701701701701808e+01 3.000000000000000000e+00
1.503603603603603744e+01 3.000000000000000000e+00
1.505505505505505681e+01 3.000000000000000000e+00
1.507407407407407440e+01 3.000000000000000000e+00
1.509309309309309377e+01 3.000000000000000000e+00
1.511211211211211314e+01 3.000000000000000000e+00
1.513113113113113251e+01 3.000000000000000000e+00
1.515015015015015187e+01 3.000000000000000000e+00
1.516916916916916946e+01 3.000000000000000000e+00
1.518818818818818883e+01 3.000000000000000000e+00
1.520720720720720820e+01 3.000000000000000000e+00
1.522622622622622757e+01 3.000000000000000000e+00
1.524524524524524693e+01 3.000000000000000000e+00
1.526426426426426630e+01 3.000000000000000000e+00
1.528328328328328389e+01 3.000000000000000000e+00
1.530230230230230326e+01 3.000000000000000000e+00
1.532132132132132263e+01 3.000000000000000000e+00
1.534034034034034200e+01 3.000000000000000000e+00
1.535935935935936136e+01 3.000000000000000000e+00
1.537837837837837895e+01 3.000000000000000000e+00
1.539739739739739832e+01 3.000000000000000000e+00
1.541641641641641769e+01 3.000000000000000000e+00
1.543543543543543706e+01 3.000000000000000000e+00
1.545445445445445642e+01 3.000000000000000000e+00
1.547347347347347402e+01 3.000000000000000000e+00
1.549249249249249338e+01 3.000000000000000000e+00
1.551151151151151275e+01 3.000000000000000000e+00
1.553053053053053212e+01 3.000000000000000000e+00
1.554954954954955149e+01 3.000000000000000000e+00
1.556856856856856908e+01 3.000000000000000000e+00
1.558758758758758844e+01 3.000000000000000000e+00
1.560660660660660781e+01 3.000000000000000000e+00
1.562562562562562718e+01 3.000000000000000000e+00
1.564464464464464655e+01 3.000000000000000000e+00
1.566366366366366414e+01 3.000000000000000000e+00
1.568268268268268351e+01 3.000000000000000000e+00
1.570170170170170287e+01 3.000000000000000000e+00
1.572072072072072224e+01 3.000000000000000000e+00
1.573973973973974161e+01 3.000000000000000000e+00
1.575875875875875920e+01 3.000000000000000000e+00
1.577777777777777857e+01 3.000000000000000000e+00
1.579679679679679793e+01 3.000000000000000000e+00
1.581581581581581730e+01 3.000000000000000000e+00
1.583483483483483667e+01 3.000000000000000000e+00
1.585385385385385426e+01 3.000000000000000000e+00
1.587287287287287363e+01 3.000000000000000000e+00
1.589189189189189300e+01 3.000000000000000000e+00
1.591091091091091236e+01 3.000000000000000000e+00
1.592992992992993173e+01 3.000000000000000000e+00
1.594894894894894932e+01 3.000000000000000000e+00
1.596796796796796869e+01 3.000000000000000000e+00
1.598698698698698806e+01 3.000000000000000000e+00
1.600600600600600742e+01 3.000000000000000000e+00
1.602502502502502679e+01 3.000000000000000000e+00
1.604404404404404616e+01 3.000000000000000000e+00
1.606306306306306197e+01 3.000000000000000000e+00
1.608208208208208134e+01 3.000000000000000000e+00
1.610110110110110071e+01 3.000000000000000000e+00
1.612012012012012008e+01 3.000000000000000000e+00
1.613913913913913944e+01 3.000000000000000000e+00
1.615815815815815881e+01 3.000000000000000000e+00
1.617717717717717818e+01 3.000000000000000000e+00
1.619619619619619755e+01 3.000000000000000000e+00
1.621521521521521692e+01 3.000000000000000000e+00
1.623423423423423628e+01 3.000000000000000000e+00
1.625325325325325565e+01 3.000000000000000000e+00
1.627227227227227502e+01 3.000000000000000000e+00
1.629129129129129439e+01 3.000000000000000000e+00
1.631031031031031375e+01 3.000000000000000000e+00
1.632932932932933312e+01 3.000000000000000000e+00
1.634834834834834894e+01 3.000000000000000000e+00
1.636736736736736830e+01 3.000000000000000000e+00
1.638638638638638767e+01 3.000000000000000000e+00
1.640540540540540704e+01 3.000000000000000000e+00
1.642442442442442641e+01 3.000000000000000000e+00
1.644344344344344222e+01 3.000000000000000000e+00
1.646246246246246159e+01 3.000000000000000000e+00
1.648148148148148096e+01 3.000000000000000000e+00
1.650050050050050032e+01 3.000000000000000000e+00
1.651951951951951969e+01 3.000000000000000000e+00
1.653853853853853906e+01 3.000000000000000000e+00
1.655755755755755843e+01 3.000000000000000000e+00
1.657657657657657779e+01 3.000000000000000000e+00
1.659559559559559716e+01 3.000000000000000000e+00
1.661461461461461653e+01 3.000000000000000000e+00
1.663363363363363590e+01 3.000000000000000000e+00
1.665265265265265526e+01 3.000000000000000000e+00
1.667167167167167463e+01 3.000000000000000000e+00
1.669069069069069400e+01 3.000000000000000000e+00
1.670970970970971337e+01 3.000000000000000000e+00
1.672872872872872918e+01 3.000000000000000000e+00
1.674774774774774855e+01 3.000000000000000000e+00
1.676676676676676792e+01 3.000000000000000000e+00
1.678578578578578728e+01 3.000000000000000000e+00
1.680480480480480665e+01 3.000000000000000000e+00
1.682382382382382602e+01 3.000000000000000000e+00
1.684284284284284183e+01 3.000000000000000000e+00
1.686186186186186120e+01 3.000000000000000000e+00
1.688088088088088057e+01 3.000000000000000000e+00
1.689989989989989994e+01 3.000000000000000000e+00
1.691891891891891930e+01 3.000000000000000000e+00
1.693793793793793867e+01 3.000000000000000000e+00
1.695695695695695804e+01 3.000000000000000000e+00
1.697597597597597741e+01 3.000000000000000000e+00
1.699499499499499677e+01 3.000000000000000000e+00
1.701401401401401614e+01 3.000000000000000000e+00
1.703303303303303551e+01 3.000000000000000000e+00
1.705205205205205488e+01 3.000000000000000000e+00
1.707107107107107069e+01 3.000000000000000000e+00
1.709009009009009006e+01 3.000000000000000000e+00
1.710910910910910943e+01 3.000000000000000000e+00
1.712812812812812879e+01 3.000000000000000000e+00
1.714714714714714816e+01 3.000000000000000000e+00
1.716616616616616753e+01 3.000000000000000000e+00
1.718518518518518690e+01 3.000000000000000000e+00
1.720420420420420626e+01 3.000000000000000000e+00
1.722322322322322563e+01 3.000000000000000000e+00
1.724224224224224500e+01 3.000000000000000000e+00
1.726126126126126437e+01 3.000000000000000000e+00
1.728028028028028018e+01 3.000000000000000000e+00
1.729929929929929955e+01 3.000000000000000000e+00
1.731831831831831892e+01 3.000000000000000000e+00
1.733733733733733828e+01 3.000000000000000000e+00
1.735635635635635765e+01 3.000000000000000000e+00
1.737537537537537702e+01 3.000000000000000000e+00
1.739439439439439639e+01 3.000000000000000000e+00
1.741341341341341575e+01 3.000000000000000000e+00
1.743243243243243512e+01 3.000000000000000000e+00
1.745145145145145449e+01 3.000000000000000000e+00
1.747047047047047030e+01 3.000000000000000000e+00
1.748948948948948967e+01 3.000000000000000000e+00
1.750850850850850904e+01 3.000000000000000000e+00
1.752752752752752841e+01 3.000000000000000000e+00
1.754654654654654777e+01 3.000000000000000000e+00
1.756556556556556714e+01 3.000000000000000000e+00
1.758458458458458651e+01 3.000000000000000000e+00
1.760360360360360588e+01 3.000000000000000000e+00
1.762262262262262524e+01 3.000000000000000000e+00
1.764164164164164461e+01 3.000000000000000000e+00
1.766066066066066043e+01 3.000000000000000000e+00
1.767967967967967979e+01 3.000000000000000000e+00
1.769869869869869916e+01 3.000000000000000000e+00
1.771771771771771853e+01 3.000000000000000000e+00
1.773673673673673790e+01 3.000000000000000000e+00
1.775575575575575726e+01 3.000000000000000000e+00
1.777477477477477663e+01 3.000000000000000000e+00
1.779379379379379600e+01 3.000000000000000000e+00
1.781281281281281537e+01 3.000000000000000000e+00
1.783183183183183473e+01 3.000000000000000000e+00
1.785085085085085055e+01 3.000000000000000000e+00
1.786986986986986992e+01 3.000000000000000000e+00
1.788888888888888928e+01 3.000000000000000000e+00
1.790790790790790865e+01 3.000000000000000000e+00
1.792692692692692802e+01 3.000000000000000000e+00
1.794594594594594739e+01 3.000000000000000000e+00
1.796496496496496675e+01 3.000000000000000000e+00
1.798398398398398612e+01 3.000000000000000000e+00
1.800300300300300549e+01 3.000000000000000000e+00
1.802202202202202486e+01 3.000000000000000000e+00
1.804104104104104067e+01 3.000000000000000000e+00
1.806006006006006004e+01 3.000000000000000000e+00
1.807907907907907941e+01 3.000000000000000000e+00
1.809809809809809877e+01 3.000000000000000000e+00
1.811711711711711814e+01 3.000000000000000000e+00
1.813613613613613751e+01 3.000000000000000000e+00
1.815515515515515688e+01 3.000000000000000000e+00
1.817417417417417624e+01 3.000000000000000000e+00
1.819319319319319561e+01 3.000000000000000000e+00
1.821221221221221498e+01 3.000000000000000000e+00
1.823123123123123435e+01 3.000000000000000000e+00
1.825025025025025016e+01 3.000000000000000000e+00
1.826926926926926953e+01 3.000000000000000000e+00
1.828828828828828890e+01 3.000000000000000000e+00
1.830730730730730826e+01 3.000000000000000000e+00
1.832632632632632763e+01 3.000000000000000000e+00
1.834534534534534700e+01 3.000000000000000000e+00
1.836436436436436637e+01 3.000000000000000000e+00
1.838338338338338573e+01 3.000000000000000000e+00
1.840240240240240510e+01 3.000000000000000000e+00
1.842142142142142447e+01 3.000000000000000000e+00
1.844044044044044028e+01 3.000000000000000000e+00
1.845945945945945965e+01 3.000000000000000000e+00
1.847847847847847902e+01 3.000000000000000000e+00
1.849749749749749839e+01 3.000000000000000000e+00
1.851651651651651775e+01 3.000000000000000000e+00
1.853553553553553712e+01 3.000000000000000000e+00
1.855455455455455649e+01 3.000000000000000000e+00
1.857357357357357586e+01 3.000000000000000000e+00
1.859259259259259522e+01 3.000000000000000000e+00
1.861161161161161459e+01 3.000000000000000000e+00
1.863063063063063041e+01 3.000000000000000000e+00
1.864964964964964977e+01 3.000000000000000000e+00
1.866866866866866914e+01 3.000000000000000000e+00
1.868768768768768851e+01 3.000000000000000000e+00
1.870670670670670788e+01 3.000000000000000000e+00
1.872572572572572724e+01 3.000000000000000000e+00
1.874474474474474661e+01 3.000000000000000000e+00
1.876376376376376598e+01 3.000000000000000000e+00
1.878278278278278535e+01 3.000000000000000000e+00
1.880180180180180471e+01 3.000000000000000000e+00
1.882082082082082053e+01 3.000000000000000000e+00
1.883983983983983990e+01 3.000000000000000000e+00
1.885885885885885926e+01 3.000000000000000000e+00
1.887787787787787863e+01 3.000000000000000000e+00
1.889689689689689800e+01 3.000000000000000000e+00
1.891591591591591737e+01 3.000000000000000000e+00
1.893493493493493673e+01 3.000000000000000000e+00
1.895395395395395610e+01 3.000000000000000000e+00
1.897297297297297547e+01 3.000000000000000000e+00
1.899199199199199484e+01 3.000000000000000000e+00
1.901101101101101420e+01 3.000000000000000000e+00
1.903003003003003002e+01 3.000000000000000000e+00
1.904904904904904939e+01 3.000000000000000000e+00
1.906806806806806875e+01 3.000000000000000000e+00
1.908708708708708812e+01 3.000000000000000000e+00
1.910610610610610749e+01 3.000000000000000000e+00
1.912512512512512686e+01 3.000000000000000000e+00
1.914414414414414622e+01 3.000000000000000000e+00
1.916316316316316559e+01 3.000000000000000000e+00
1.918218218218218496e+01 3.000000000000000000e+00
1.920120120120120433e+01 3.000000000000000000e+00
1.922022022022022014e+01 3.000000000000000000e+00
1.923923923923923951e+01 3.000000000000000000e+00
1.925825825825825888e+01 3.000000000000000000e+00
1.927727727727727824e+01 3.000000000000000000e+00
1.929629629629629761e+01 3.000000000000000000e+00
1.931531531531531698e+01 3.000000000000000000e+00
1.933433433433433635e+01 3.000000000000000000e+00
1.935335335335335571e+01 3.000000000000000000e+00
1.937237237237237508e+01 3.000000000000000000e+00
1.939139139139139445e+01 3.000000000000000000e+00
1.941041041041041026e+01 3.000000000000000000e+00
1.942942942942942963e+01 3.000000000000000000e+00
1.944844844844844900e+01 3.000000000000000000e+00
1.946746746746746837e+01 3.000000000000000000e+00
1.948648648648648773e+01 3.000000000000000000e+00
1.950550550550550710e+01 3.000000000000000000e+00
1.952452452452452647e+01 3.000000000000000000e+00
1.954354354354354584e+01 3.000000000000000000e+00
1.956256256256256520e+01 3.000000000000000000e+00
1.958158158158158457e+01 3.000000000000000000e+00
1.960060060060060039e+01 3.000000000000000000e+00
1.961961961961961975e+01 3.000000000000000000e+00
1.963863863863863912e+01 3.000000000000000000e+00
1.965765765765765849e+01 3.000000000000000000e+00
1.967667667667667786e+01 3.000000000000000000e+00
1.969569569569569722e+01 3.000000000000000000e+00
1.971471471471471659e+01 3.000000000000000000e+00
1.973373373373373596e+01 3.000000000000000000e+00
1.975275275275275533e+01 3.000000000000000000e+00
1.977177177177177470e+01 3.000000000000000000e+00
1.979079079079079406e+01 3.000000000000000000e+00
1.980980980980980988e+01 3.000000000000000000e+00
1.982882882882882924e+01 3.000000000000000000e+00
1.984784784784784861e+01 3.000000000000000000e+00
1.986686686686686798e+01 3.000000000000000000e+00
1.988588588588588735e+01 3.000000000000000000e+00
1.990490490490490672e+01 3.000000000000000000e+00
1.992392392392392608e+01 3.000000000000000000e+00
1.994294294294294545e+01 3.000000000000000000e+00
1.996196196196196482e+01 3.000000000000000000e+00
1.998098098098098419e+01 3.000000000000000000e+00
2.000000000000000000e+01 3.000000000000000000e+00
