1.000000000000000021e-08 3.913017822128946226e-34
1.042404007021555791e-08 4.251909168717211193e-34
1.086606113854598039e-08 4.620150588409997749e-34
1.132682567136153826e-08 5.020283978380994370e-34
1.180712846666189067e-08 5.455071379825845663e-34
1.230779802506665817e-08 5.927514043804988776e-34
1.282969797894147492e-08 6.440873148308282586e-34
1.337372858212497672e-08 6.998692309548074109e-34
1.394082826282578570e-08 7.604822042871673290e-34
1.453197524236895469e-08 8.263446342143571264e-34
1.514818922258347182e-08 8.979111561069753890e-34
1.579053314474175991e-08 9.756757795827368186e-34
1.646011502308549594e-08 1.060175298562919365e-33
1.715808985610006679e-08 1.151992996661304736e-33
1.788566161883461814e-08 1.251762673483328660e-33
1.864408533970485183e-08 1.360173019628410467e-33
1.943466926536022081e-08 1.477972370595320879e-33
2.025877711735017262e-08 1.605973872406107034e-33
2.111783044448242138e-08 1.745061094606139802e-33
2.201331107493032439e-08 1.896194129385890198e-33
2.294676367231936303e-08 2.060416218925798412e-33
2.391979840020237176e-08 2.238860956711920108e-33
2.493409369951880444e-08 2.432760112531872641e-33
2.599139918382932954e-08 2.643452135165977220e-33
2.709353865732048915e-08 2.872391391466613736e-33
2.824241326078435657e-08 3.121158205601733200e-33
2.944000475100033758e-08 3.391469767762189484e-33
3.068837891917645527e-08 3.685191987634409483e-33
3.198968915434537821e-08 4.004352374461157797e-33
3.334618015786362555e-08 4.351154032600256631e-33
3.476019181541981112e-08 4.727990869190621388e-33
3.623416323323149587e-08 5.137464118902515558e-33
3.777063694539364668e-08 5.582400299840717490e-33
3.937226329963483252e-08 6.065870724547972351e-33
4.104180502904709428e-08 6.591212700791333074e-33
4.278214201767621886e-08 7.162052568478580435e-33
4.459627626819095302e-08 7.782330731725811984e-33
4.648733708020256814e-08 8.456328858871121540e-33
4.845858644816500441e-08 9.188699438193079863e-33
5.051342468816766289e-08 9.984497893355082510e-33
5.265539630332755200e-08 1.084921748026650775e-32
5.488819609789677040e-08 1.178882720625067947e-32
5.721567555063251450e-08 1.280981303327356553e-32
5.964184945842460106e-08 1.391922264965734048e-32
6.217090286163833290e-08 1.512471411933486870e-32
6.480719826311970364e-08 1.643460874446913535e-32
6.755528315331639721e-08 1.785794850634713365e-32
7.041989785449295322e-08 1.940455848105978616e-32
7.340598369757212442e-08 2.108511466082270151e-32
7.651869154570817861e-08 2.291121764910797101e-32
7.976339067929281194e-08 2.489547273830297011e-32
8.314567805772064209e-08 2.705157692267290581e-32
8.667138797389224784e-08 2.939441344727968910e-32
9.034660211810534464e-08 3.194015454552868602e-32
9.417766006869518808e-08 3.470637307454435364e-32
9.817117022752183165e-08 3.771216381899979695e-32
1.023340212191642215e-07 4.097827530076441859e-32
1.066733937734857130e-07 4.452725300426087312e-32
1.111967731120697747e-07 4.838359500622813686e-32
1.159119618598885682e-07 5.257392108421344730e-32
1.208270935044775971e-07 5.712715647116657812e-32
1.259506464258358884e-07 6.207473152461713609e-32
1.312914585212465275e-07 6.745079868877090138e-32
1.368587424502520482e-07 7.329246824725092003e-32
1.426621015260738263e-07 7.964006449391307952e-32
1.487115462808953781e-07 8.653740409013450353e-32
1.550175117335771904e-07 9.403209853011903550e-32
1.615908753895919081e-07 1.021758828022008204e-31
1.684429760042315257e-07 1.110249725149702755e-31
1.755856331414470512e-07 1.206404519535410376e-31
1.830311675620613017e-07 1.310886957448124980e-31
1.907924224765264963e-07 1.424418270426014006e-31
1.988827856988811764e-07 1.547782153956229533e-31
2.073162127401231252e-07 1.681830177352621088e-31
2.161072508808376594e-07 1.827487662177630116e-31
2.252710642645982695e-07 1.985760069789121391e-31
2.348234600554276511e-07 2.157739942107873832e-31
2.447809157044440390e-07 2.344614443520769863e-31
2.551606073727186320e-07 2.547673555984576996e-31
2.659804395593758544e-07 2.768318983904973874e-31
2.772590759860481158e-07 3.008073830265649981e-31
2.890159717909511334e-07 3.268593110806662559e-31
3.012714070881164328e-07 3.551675178837281534e-31
3.140465219496748803e-07 3.859274139555575062e-31
3.273633528715247702e-07 4.193513339578219876e-31
3.412448707852889448e-07 4.556700024807608056e-31
3.557150206821382366e-07 4.951341267829769913e-31
3.707987629168172595e-07 5.380161274801162535e-31
3.865221162631261751e-07 5.846120191307108230e-31
4.029122027951351789e-07 6.352434537024140845e-31
4.199972946715306122e-07 6.902599410263466897e-31
4.378068629038166329e-07 7.500412615694027237e-31
4.563716281924763051e-07 8.150000881820941734e-31
4.757236139187889243e-07 8.855848349224595455e-31
4.958962013837222009e-07 9.622827526244761182e-31
5.169241873891603347e-07 1.045623292582961945e-30
5.388438442608223497e-07 1.136181761578461014e-30
5.616929824163815049e-07 1.234583293477040161e-30
5.855110155867243528e-07 1.341507164826010986e-30
6.103390288028621038e-07 1.457691484241896426e-30
6.362198492657495432e-07 1.583938287967917845e-30
6.631981202212675770e-07 1.721119076783105761e-30
6.913203779678128213e-07 1.870180832492840957e-30
7.206351321293059285e-07 2.032152555542178676e-30
7.511929493320968915e-07 2.208152368892132366e-30
7.830465404301182578e-07 2.399395237209532810e-30
8.162508514287236451e-07 2.607201354670115621e-30
8.508631582640581318e-07 2.833005259292058427e-30
8.869431656014703861e-07 3.078365736734727745e-30
9.245531098233580113e-07 3.344976581949298209e-30
9.637578663841089376e-07 3.634678292992786948e-30
1.004625061717340180e-06 3.949470777754726318e-30
1.047225189888435394e-06 4.291527161343656946e-30
1.091631734193614770e-06 4.663208789475692267e-30
1.137921293915313960e-06 5.067081531480209060e-30
1.186173716452479197e-06 5.505933495502181442e-30
1.236472235053714927e-06 5.982794278242542965e-30
1.288903612390891551e-06 6.500955882175687525e-30
1.343558290220826187e-06 7.063995444701451734e-30
1.400530545393222473e-06 7.675799936206218920e-30
1.459918652473977078e-06 8.340592997609244660e-30
1.521825053264387058e-06 9.062964102750872019e-30
1.586356533508592829e-06 9.847900247039614420e-30
1.653624407094178687e-06 1.070082038123102890e-29
1.723744708063619884e-06 1.162761282817583553e-29
1.796838390767722947e-06 1.263467594098521315e-29
1.873031538506438410e-06 1.372896228346052734e-29
1.952455581016861103e-06 1.491802663797130435e-29
2.035247521183579910e-06 1.621007817241471436e-29
2.121550171362452519e-06 1.761403712663199069e-29
2.211512399725488909e-06 1.913959640989121095e-29
2.305289387051710850e-06 2.079728853498600764e-29
2.403042894406969757e-06 2.259855835138610015e-29
2.504941542174502410e-06 2.455584207995897088e-29
2.611161100917462053e-06 2.668265319533887698e-29
2.721884794575179673e-06 2.899367574935786837e-29
2.837303616516211435e-06 3.150486578039573856e-29
2.957616658993256599e-06 3.423356150940654454e-29
3.083031456568277085e-06 3.719860308413401771e-29
3.213764344100275447e-06 4.042046269905116859e-29
3.350040829913136129e-06 4.392138599030483601e-29
3.492095984787271205e-06 4.772554568292321292e-29
3.640174847446137571e-06 5.185920855228435241e-29
3.794532847236942309e-06 5.635091685392996343e-29
3.955436244734701173e-06 6.123168547589581991e-29
4.123162591029747908e-06 6.653521617649902824e-29
4.298001206490798531e-06 7.229813038872327458e-29
4.480253679829498847e-06 7.856022220081657058e-29
4.670234388327330377e-06 8.536473326233394046e-29
4.868271040122284053e-06 9.275865151659665911e-29
5.074705239490476054e-06 1.007930358254438490e-28
5.289893076098145533e-06 1.095233687314047516e-28
5.514205739240301802e-06 1.190099397972013039e-28
5.748030158125362767e-06 1.293182621742002039e-28
5.991769669310612853e-06 1.405195252815625927e-28
6.245844712439617693e-06 1.526910867279121798e-28
6.510693555481467715e-06 1.659170068791577696e-28
6.786773050723302017e-06 1.802886297715783032e-28
7.074559422819878311e-06 1.959052143903636722e-28
7.374549090259561664e-06 2.128746206828408156e-28
7.687259521663735955e-06 2.313140550549837913e-28
8.013230128396886409e-06 2.513508805121654933e-28
8.353023195026787283e-06 2.731234970532900554e-28
8.707224849239921313e-06 2.967822984146584950e-28
9.076446072885356405e-06 3.224907117894904422e-28
9.461323755890779059e-06 3.504263277246391451e-28
9.862521794868783995e-06 3.807821280218008790e-28
1.028073223830864773e-05 4.137678201507228942e-28
1.071667648032864333e-05 4.496112874212889720e-28
1.117110650504824176e-05 4.885601649652003109e-28
1.164480618372685418e-05 5.308835524517689214e-28
1.213859262690628995e-05 5.768738754122361401e-28
1.265331759388942887e-05 6.268489080797527465e-28
1.318986896198669182e-05 6.811539717748902796e-28
1.374917225806420378e-05 7.401643240870638856e-28
1.433219225503573986e-05 8.042877554293418776e-28
1.493993463605256153e-05 8.739674109869083428e-28
1.557344772926135167e-05 9.496848576480481447e-28
1.623382431612281556e-05 1.031963417212185320e-27
1.692220351641035697e-05 1.121371789024027132e-27
1.763977275314045312e-05 1.218527987199345645e-27
1.838776980082330764e-05 1.324103619800487529e-27
1.916748492056813148e-05 1.438828539704282947e-27
1.998026308572550550e-05 1.563495899497628478e-27
2.082750630190518509e-05 1.698967645555525550e-27
2.171067602537267172e-05 1.846180489523029521e-27
2.263129568399529777e-05 2.006152398757001982e-27
2.359095330508638664e-05 2.179989650910505464e-27
2.459130425468046297e-05 2.368894501787324612e-27
2.563407409296515038e-05 2.574173519884636277e-27
2.672106155079437918e-05 2.797246645708318370e-27
2.785414163241768898e-05 3.039657039021908636e-27
2.903526884977813914e-05 3.303081782712232591e-27
3.026648059395695245e-05 3.589343517961495309e-27
3.154990064958088780e-05 3.900423091951026974e-27
3.288774285825509885e-05 4.238473306431851192e-27
3.428231493733974476e-05 4.605833863232485419e-27
3.573602246065788401e-05 5.005047611191617988e-27
3.725137300800209639e-05 5.438878208162127325e-27
3.883098049059608917e-05 5.910329321698593154e-27
4.047756965997322426e-05 6.422665502886931153e-27
4.219398080805024284e-05 6.979434879578606911e-27
4.398317466650228581e-05 7.584493828138352243e-27
4.584823751389095932e-05 8.242033796798453073e-27
4.779238649935594978e-05 8.956610468934452475e-27
4.981897519205165294e-05 9.733175471146657413e-27
5.193149936590212571e-05 1.057711084907275520e-26
5.413360302965375723e-05 1.149426655349864099e-26
5.642908471262542147e-05 1.249100120072061036e-26
5.882190401699967781e-05 1.357422639440256293e-26
6.131618844795768525e-05 1.475145492153511957e-26
6.391624053344005150e-05 1.603085316272803891e-26
6.662654524581163073e-05 1.742129808715521579e-26
6.945177773823688636e-05 1.893243923525320222e-26
7.239681140910876969e-05 2.057476612798170876e-26
7.546672630843902273e-05 2.235968158036220811e-26
7.866681790071590008e-05 2.429958143941372913e-26
8.200260619934131279e-05 2.640794131280534759e-26
8.547984528840422633e-05 2.869941090490792219e-26
8.910453324821521659e-05 3.118991663182312445e-26
9.288292250172498895e-05 3.389677324681568391e-26
9.682153059967095780e-05 3.683880527282378384e-26
1.009271514630571888e-04 4.003647910988071717e-26
1.052068671023622786e-04 4.351204676288414517e-26
1.096680598336869630e-04 4.728970221979213260e-26
1.143184250129150245e-04 5.139575160267012638e-26
1.191659843098558737e-04 5.585879831476793778e-26
1.242190995452618560e-04 6.070994451674680699e-26
1.294864871145904987e-04 6.598301038517834734e-26
1.349772330233941922e-04 7.171477273742906257e-26
1.407008085602686571e-04 7.794522475004809209e-26
1.466670866343968511e-04 8.471785865394668645e-26
1.528863588058729521e-04 9.207997346021591808e-26
1.593693530381776018e-04 1.000830099567312803e-25
1.661272522034293005e-04 1.087829154192570187e-25
1.731717133723356357e-04 1.182405407032083779e-25
1.805148879221109997e-04 1.285220726253451613e-25
1.881694424970555652e-04 1.396995048104879230e-25
1.961485808579433343e-04 1.518511504689583861e-25
2.044660666579117651e-04 1.650622008883237420e-25
2.131362471841437593e-04 1.794253337707462817e-25
2.221740781062886937e-04 1.950413759276893662e-25
2.315951492743154505e-04 2.120200252601431471e-25
2.414157116103017771e-04 2.304806374083582406e-25
2.516527051405394329e-04 2.505530829541675509e-25
2.623237882163123851e-04 2.723786816056297048e-25
2.734473679737579768e-04 2.961112203925851819e-25
2.850426320853437548e-04 3.219180635579012730e-25
2.971295818577334162e-04 3.499813625484687873e-25
3.097290667331413267e-04 3.804993752986145665e-25
3.228628202536733467e-04 4.136879048633537707e-25
3.365534975507094152e-04 4.497818684077847270e-25
3.508247144239795708e-04 4.890370085995887750e-25
3.657010880777493184e-04 5.317317605947273636e-25
3.812082795843888027e-04 5.781692890605373584e-25
3.973730381485612601e-04 6.286797110584531374e-25
4.142232472483898067e-04 6.836225221222041664e-25
4.317879727332021378e-04 7.433892445307867904e-25
4.500975129608051229e-04 8.084063186039750098e-25
4.691834510607798968e-04 8.791382598588844060e-25
4.890787094139589959e-04 9.560911070778038052e-25
5.098176064420429331e-04 1.039816188770930983e-24
5.314359158053241772e-04 1.130914238196213984e-24
5.539709281106400826e-04 1.230039890047544966e-24
5.774615152359826014e-04 1.337906595170420485e-24
6.019481973827273949e-04 1.455291993242622042e-24
6.274732129711587487e-04 1.583043787301143418e-24
6.540805914998259248e-04 1.722086168343990415e-24
6.818162294944478787e-04 1.873426843030279996e-24
7.107279696773426267e-04 2.038164722790767424e-24
7.408656834939568014e-04 2.217498338497587949e-24
7.722813571388642594e-04 2.412735051284610541e-24
8.050291812295988936e-04 2.625301137223473783e-24
8.391656442830161588e-04 2.856752831418230726e-24
8.747496301554415774e-04 3.108788425763411184e-24
9.118425196146581063e-04 3.383261524205432468e-24
9.505082962189511427e-04 3.682195569955787011e-24
9.908136566858666023e-04 4.007799770836094507e-24
1.032828125941029481e-03 4.362486561912129260e-24
1.076624177045493267e-03 4.748890758934144537e-24
1.122277356208509387e-03 5.169890571994487867e-24
1.169866413101308027e-03 5.628630666409152165e-24
1.219473436696738231e-03 6.128547477316729081e-24
1.271183996869030197e-03 6.673397006071359323e-24
1.325087291997953777e-03 7.267285350420748502e-24
1.381276302832009544e-03 7.914702246961421368e-24
1.439847952876009609e-03 8.620557933737057425e-24
1.500903275579736594e-03 9.390223673412473683e-24
1.564547588616095868e-03 1.022957631356708096e-23
1.630890675549334212e-03 1.114504730069989217e-23
1.700046975206718092e-03 1.214367660896292852e-23
1.772135779080358372e-03 1.323317209392371753e-23
1.847281437099636096e-03 1.442197483633795662e-23
1.925613572129198682e-03 1.571933110159278535e-23
2.007267303562572294e-03 1.713537160781953421e-23
2.092383480396978884e-03 1.868119887040721181e-23
2.181108924191519933e-03 2.036898347359976525e-23
2.273596682327719623e-03 2.221207021192339479e-23
2.370006292009330367e-03 2.422509514638285458e-23
2.470504055456825433e-03 2.642411473378942998e-23
2.575263326771203790e-03 2.882674831347043326e-23
2.684464810961965237e-03 3.145233537532634467e-23
2.798296875655115722e-03 3.432210918824824881e-23
2.916955876018798889e-03 3.745938853994381912e-23
3.040646493467068570e-03 4.088978953008932017e-23
3.169582088726115212e-03 4.464145957044534837e-23
3.303985069871861503e-03 4.874533598037007648e-23
3.444087275973823411e-03 5.323543182650369609e-23
3.590130377007068330e-03 5.814915194397017140e-23
3.742366290721984689e-03 6.352764239620481134e-23
3.901057617190993500e-03 6.941617698473650741e-23
4.066478091781862599e-03 7.586458481247630044e-23
4.238913057338783430e-03 8.292772333817230450e-23
4.418659956385941057e-03 9.066600183996860883e-23
4.606028844202407491e-03 9.914596073702391989e-23
4.801342923653455046e-03 1.084409128049940748e-22
5.004939102700953560e-03 1.186316529692855251e-22
5.217168575554354502e-03 1.298072440752473553e-22
5.438397428464801162e-03 1.420658868233027288e-22
5.669007271207434327e-03 1.555158829262575708e-22
5.909395895340977152e-03 1.702767015030177971e-22
6.159977960380168260e-03 1.864801597756133863e-22
6.421185709064758558e-03 2.042717302930963474e-22
6.693469712958667432e-03 2.238119881754152006e-22
6.977299649665537687e-03 2.452782132621695100e-22
7.273165113001469131e-03 2.688661635749550667e-22
7.581576457522117875e-03 2.947920381679701890e-22
7.903065678861348128e-03 3.232946492602902922e-22
8.238187331399618799e-03 3.546378255252263583e-22
8.587519484845179685e-03 3.891130705684821960e-22
8.951664721378302381e-03 4.270425029679944493e-22
9.331251175078259658e-03 4.687821067848094100e-22
9.726933615426178875e-03 5.147253241961371893e-22
1.013939457675291748e-02 5.653070248577641815e-22
1.056934553557989376e-02 6.210078897810785652e-22
1.101752813788387311e-02 6.823592509163300220e-22
1.148471547840288973e-02 7.499484312721834432e-22
1.197171343418968088e-02 8.244246342730305222e-22
1.247936205471311330e-02 9.065054351575222015e-22
1.300853701090573175e-02 9.969839315469854644e-22
1.356015110565634771e-02 1.096736614847972543e-21
1.413515584835395647e-02 1.206732028880115203e-21
1.473454309619837317e-02 1.328040287011050989e-21
1.535934676510898600e-02 1.461843524095523631e-21
1.601064461318317880e-02 1.609447364612351899e-21
1.668956009978026650e-02 1.772293493500912690e-21
1.739726432343802545e-02 1.951973421248536131e-21
1.813497804196495186e-02 2.150243539671235795e-21
1.890397377819223387e-02 2.369041569448098833e-21
1.970557801501800557e-02 2.610504504675542195e-21
2.054117348353064199e-02 2.876988163329073824e-21
2.141220154815731691e-02 3.171088455382370153e-21
2.232016469295234479e-02 3.495664482156614871e-21
2.326662911331458042e-02 3.853863581063153356e-21
2.425322741760355463e-02 4.249148428877471056e-21
2.528166144331500664e-02 4.685326313737636113e-21
2.635370519267398598e-02 5.166580680771624747e-21
2.747120789270814448e-02 5.697505048175280007e-21
2.863609718508115798e-02 6.283139379177366912e-21
2.985038245118735653e-02 6.929008980068197306e-21
3.111615827824363092e-02 7.641165974709203698e-21
3.243560807235811722e-02 8.426233380991630161e-21
3.381100782480688655e-02 9.291451783823522324e-21
3.524473003801587706e-02 1.024472856159206603e-20
3.673924781802074407e-02 1.129468957781036117e-20
3.829713914046285056e-02 1.245073319590799461e-20
3.992109129748053209e-02 1.372308641192365772e-20
4.161390553316707264e-02 1.512286282623868821e-20
4.337850187558993376e-02 1.666212209048156249e-20
4.521792417370702061e-02 1.835393036838814753e-20
4.713534534786916613e-02 2.021242123880978428e-20
4.913407286296366666e-02 2.225285634439123578e-20
5.121755443364241212e-02 2.449168494999381933e-20
5.338938397147360848e-02 2.694660142015480559e-20
5.565330778427651781e-02 2.963659945444393283e-20
5.801323103833378597e-02 3.258202173344659805e-20
6.047322449462655403e-02 3.580460342657260875e-20
6.303753153071281479e-02 3.932750779670035981e-20
6.571057546036269958e-02 4.317535190704675835e-20
6.849696716357453474e-02 4.737422019444231056e-20
7.140151304013403477e-02 5.195166342293175879e-20
7.442922330043758028e-02 5.693668027564312614e-20
7.758532060787844131e-02 6.235967858539908833e-20
8.087524908770457599e-02 6.825241295085892147e-20
8.430468371788966964e-02 7.464789524143294480e-20
8.787954011821327849e-02 8.158027426840128492e-20
9.160598475443709754e-02 8.908468070056702958e-20
9.549044557518097942e-02 9.719703314061904774e-20
9.953962309984243362e-02 1.059538011654387370e-19
1.037605019766911774e-01 1.153917210824572127e-19
1.081603630310711550e-01 1.255474601811746507e-19
1.127467958244947333e-01 1.364572253797783110e-19
1.175277117462945192e-01 1.481563124209879365e-19
1.225113576604120319e-01 1.606785919695204905e-19
1.277063301308644649e-01 1.740559300718399342e-19
1.331215902504307713e-01 1.883175399573450345e-19
1.387664790981310015e-01 2.034892645287270995e-19
1.446507338521647035e-01 2.195927888308790355e-19
1.507845045861050948e-01 2.366447837437373330e-19
1.571783717773164446e-01 2.546559836126698101e-19
1.638433645577984654e-01 2.736302024773493811e-19
1.707909797389430273e-01 2.935632957923784967e-19
1.780332016430115627e-01 3.144420770819760282e-19
1.855825227755519002e-01 3.362432018397941714e-19
1.934519653744048162e-01 3.589320341656208866e-19
2.016551038724748446e-01 3.824615151018053588e-19
2.102060883130158486e-01 4.067710553561507964e-19
2.191196687578151892e-01 4.317854790139428111e-19
2.284112207303825581e-01 4.574140488670724668e-19
2.380967717380358395e-01 4.835496080089972024e-19
2.481930289186257688e-01 5.100678762160489914e-19
2.587174078595924076e-01 5.368269431787126296e-19
2.696880626390692481e-01 5.636670036452383850e-19
2.811239171408467241e-01 5.904103817432431972e-19
2.930446976972144180e-01 6.168618928692459241e-19
3.054709671159974160e-01 6.428095912712700431e-19
3.184241601504656516e-01 6.680259494687478567e-19
3.319266204733190007e-01 6.922695116271058435e-19
3.460016392185115697e-01 7.152870566159686665e-19
3.606734951574031567e-01 7.368162974518035130e-19
3.759674965785467782e-01 7.565891319426359788e-19
3.919100249433409844e-01 7.743354444914667108e-19
4.085285803928565551e-01 7.897874411774706846e-19
4.258518291843414461e-01 8.026844795766997272e-19
4.439096531392175415e-01 8.127783316495572743e-19
4.627332011878693141e-01 8.198387929651696857e-19
4.823549431001467047e-01 8.236595253375720278e-19
5.028087254942484874e-01 8.240639936387784453e-19
5.241298302206061077e-01 8.209113323859928732e-19
5.463550352214875394e-01 8.141019551418802530e-19
5.695226779712830867e-01 8.035827014539254738e-19
5.936727216069126456e-01 7.893513037311464933e-19
6.188468238624394990e-01 7.714599518689511730e-19
6.450884089267698851e-01 7.500177382448712241e-19
6.724427423484249378e-01 7.251917813497810990e-19
7.009570091165632233e-01 6.972068538453764794e-19
7.306803950529506819e-01 6.663433807636972073e-19
7.616641716552892127e-01 6.329337257484206148e-19
7.939617845382291872e-01 5.973567466246237703e-19
8.276289456246351817e-01 5.600306743855849127e-19
8.627237292461450435e-01 5.214044488811408970e-19
8.993066723187632672e-01 4.819477263843369682e-19
9.374408787663000009e-01 4.421398540859804766e-19
9.771921283717996953e-01 4.024581791857833230e-19
1.018628990244688559e+00 3.633661200412016215e-19
1.061822941099386908e+00 3.253014683561922197e-19
1.106848488549411869e+00 2.886654097566845558e-19
1.153783299629661974e+00 2.538127415540518453e-19
1.202708334768514575e+00 2.210437288703724395e-19
1.253707987440919602e+00 1.905979734699423821e-19
1.306870229743347656e+00 1.626505758277206111e-19
1.362286764141649620e+00 1.373107548345116287e-19
1.420053181653681662e+00 1.146229580766991029e-19
1.480269126739510055e+00 9.457035774149153479e-20
1.543038469183567685e+00 7.708049305160632395e-20
1.608469483265355215e+00 6.203270026609657504e-20
1.676675034527700836e+00 4.926687558225972464e-20
1.747772774464684487e+00 3.859305290381812354e-20
1.821885343465165175e+00 2.980125288451398556e-20
1.899140582361935614e+00 2.267107397941134559e-20
1.979671752951336572e+00 1.698054871362388496e-20
2.063617767863856756e+00 1.251387356108734981e-20
2.151123430182167340e+00 9.067730073587720919e-21
2.242339683219849444e+00 6.456037334233851146e-21
2.337423870891812694e+00 4.513099578609537565e-21
2.436540009125466089e+00 3.095226510441302120e-21
2.539859068780728979e+00 2.080997788768831042e-21
2.647559270567074741e+00 1.370410584214134182e-21
2.759826392466180334e+00 8.831867034854095799e-22
2.876854090190597457e+00 5.565239184280332343e-22
2.998844231231037050e+00 3.425584245489462797e-22
3.126007243068703367e+00 2.057678532984383133e-22
3.258562476153229692e+00 1.204943831856345794e-22
3.396738582272216700e+00 6.871283230046588368e-23
3.540773908965269889e+00 3.811590676909476228e-23
3.690916910662782158e+00 2.054314753399925013e-23
3.847426577258513891e+00 1.074468048968517651e-23
4.010572880855495903e+00 5.446742902891225519e-24
4.180637241455761988e+00 2.672543581741261374e-24
4.357913012397038877e+00 1.267536907757490533e-24
4.542705986374042659e+00 5.802595475584690821e-25
4.735334922917121325e+00 2.560126032964685246e-25
4.936132098237926868e+00 1.086930288686900890e-25
5.145443878390924652e+00 4.433416215185818669e-26
5.363631316739245314e+00 1.734350995689213507e-26
5.591070776755304728e+00 6.495777233298212507e-27
5.828154581230839959e+00 2.324996449348265545e-27
6.075291689016077079e+00 7.937394507115856550e-28
6.332908400455127484e+00 2.579468424993974247e-28
6.601449092734882562e+00 7.962954571080969132e-29
6.881376986415670416e+00 2.330058271508035299e-29
7.173174944465626979e+00 6.447992517303873818e-30
7.477346305177580810e+00 1.683535853437159196e-30
7.794415750404950494e+00 4.137058660900250949e-31
8.124930210614063952e+00 9.543736206725264885e-32
8.469459808314576676e+00 2.061300348233358359e-32
8.828598841495150396e+00 4.156708566763348076e-33
9.202966808760429274e+00 7.803353272190079408e-34
9.593209477938270169e+00 1.359629914482137007e-34
1.000000000000000000e+01 2.191777215322306274e-35
