1.000000000000000021e-08 7.757163312540486756e-33
1.042404007021555791e-08 8.428981180601701598e-33
1.086606113854598039e-08 9.158982596572928732e-33
1.132682567136153826e-08 9.952206613172179286e-33
1.180712846666189067e-08 1.081412869612229607e-32
1.230779802506665817e-08 1.175069852021595893e-32
1.282969797894147492e-08 1.276838103875492098e-32
1.337372858212497672e-08 1.387420110985903354e-32
1.394082826282578570e-08 1.507579198769077290e-32
1.453197524236895469e-08 1.638144801332312914e-32
1.514818922258347182e-08 1.780018186896490755e-32
1.579053314474175991e-08 1.934178679075949493e-32
1.646011502308549594e-08 2.101690416960161713e-32
1.715808985610006679e-08 2.283709700660728166e-32
1.788566161883461814e-08 2.481492973028741078e-32
1.864408533970485183e-08 2.696405492639005476e-32
1.943466926536022081e-08 2.929930757909055262e-32
2.025877711735017262e-08 3.183680747406086929e-32
2.111783044448242138e-08 3.459407047028987839e-32
2.201331107493032439e-08 3.759012940874350077e-32
2.294676367231936303e-08 4.084566549247681348e-32
2.391979840020237176e-08 4.438315104509497980e-32
2.493409369951880444e-08 4.822700463299842026e-32
2.599139918382932954e-08 5.240375962219613102e-32
2.709353865732048915e-08 5.694224733321022492e-32
2.824241326078435657e-08 6.187379605835614423e-32
2.944000475100033758e-08 6.723244731518550258e-32
3.068837891917645527e-08 7.305519082885721610e-32
3.198968915434537821e-08 7.938221986547796648e-32
3.334618015786362555e-08 8.625720867894678515e-32
3.476019181541981112e-08 9.372761398647044486e-32
3.623416323323149587e-08 1.018450025537934416e-31
3.777063694539364668e-08 1.106654071514188949e-31
3.937226329963483252e-08 1.202497133389284510e-31
4.104180502904709428e-08 1.306640797473229260e-31
4.278214201767621886e-08 1.419803947605375861e-31
4.459627626819095302e-08 1.542767727485333974e-31
4.648733708020256814e-08 1.676380932774098246e-31
4.845858644816500441e-08 1.821565870186222650e-31
5.051342468816766289e-08 1.979324724017696487e-31
5.265539630332755200e-08 2.150746474056933893e-31
5.488819609789677040e-08 2.337014412632266816e-31
5.721567555063251450e-08 2.539414312685324699e-31
5.964184945842460106e-08 2.759343303253674979e-31
6.217090286163833290e-08 2.998319513629072810e-31
6.480719826311970364e-08 3.257992552764028985e-31
6.755528315331639721e-08 3.540154896265093800e-31
7.041989785449295322e-08 3.846754259576018162e-31
7.340598369757212442e-08 4.179907042761834308e-31
7.651869154570817861e-08 4.541912939702202847e-31
7.976339067929281194e-08 4.935270812539903413e-31
8.314567805772064209e-08 5.362695940964653920e-31
8.667138797389224784e-08 5.827138765403106926e-31
9.034660211810534464e-08 6.331805253497768148e-31
9.417766006869518808e-08 6.880179030463540508e-31
9.817117022752183165e-08 7.476045426086978644e-31
1.023340212191642215e-07 8.123517604363085198e-31
1.066733937734857130e-07 8.827064956141828726e-31
1.111967731120697747e-07 9.591543950778201555e-31
1.159119618598885682e-07 1.042223165975361064e-30
1.208270935044775971e-07 1.132486218368172120e-30
1.259506464258358884e-07 1.230566623415474287e-30
1.312914585212465275e-07 1.337141414366254625e-30
1.368587424502520482e-07 1.452946260048394761e-30
1.426621015260738263e-07 1.578780543116043642e-30
1.487115462808953781e-07 1.715512878110686924e-30
1.550175117335771904e-07 1.864087107427170593e-30
1.615908753895919081e-07 2.025528816575164178e-30
1.684429760042315257e-07 2.200952413711391306e-30
1.755856331414470512e-07 2.391568822312998253e-30
1.830311675620613017e-07 2.598693840095293288e-30
1.907924224765264963e-07 2.823757221876333703e-30
1.988827856988811764e-07 3.068312549088220167e-30
2.073162127401231252e-07 3.334047954065561665e-30
2.161072508808376594e-07 3.622797773142471556e-30
2.252710642645982695e-07 3.936555209000941200e-30
2.348234600554276511e-07 4.277486089680967183e-30
2.447809157044440390e-07 4.647943819233467805e-30
2.551606073727186320e-07 5.050485623223070358e-30
2.659804395593758544e-07 5.487890201227033188e-30
2.772590759860481158e-07 5.963176908189751929e-30
2.890159717909511334e-07 6.479626597046242467e-30
3.012714070881164328e-07 7.040804266496926069e-30
3.140465219496748803e-07 7.650583670278148792e-30
3.273633528715247702e-07 8.313174057813420259e-30
3.412448707852889448e-07 9.033149230845078181e-30
3.557150206821382366e-07 9.815479116635079155e-30
3.707987629168172595e-07 1.066556407569593860e-29
3.865221162631261751e-07 1.158927218089229658e-29
4.029122027951351789e-07 1.259297972526713011e-29
4.199972946715306122e-07 1.368361523823556522e-29
4.378068629038166329e-07 1.486870731401268026e-29
4.563716281924763051e-07 1.615643658245845386e-29
4.757236139187889243e-07 1.755569218112306300e-29
4.958962013837222009e-07 1.907613311835245156e-29
5.169241873891603347e-07 2.072825495107922136e-29
5.388438442608223497e-07 2.252346223762088191e-29
5.616929824163815049e-07 2.447414726567399901e-29
5.855110155867243528e-07 2.659377559902126739e-29
6.103390288028621038e-07 2.889697903354558875e-29
6.362198492657495432e-07 3.139965660429896996e-29
6.631981202212675770e-07 3.411908434096346556e-29
6.913203779678128213e-07 3.707403452944447360e-29
7.206351321293059285e-07 4.028490530296742988e-29
7.511929493320968915e-07 4.377386145737312846e-29
7.830465404301182578e-07 4.756498746280579525e-29
8.162508514287236451e-07 5.168445372819603985e-29
8.508631582640581318e-07 5.616069726645219815e-29
8.869431656014703861e-07 6.102461800770894918e-29
9.245531098233580113e-07 6.630979211602577182e-29
9.637578663841089376e-07 7.205270378234122085e-29
1.004625061717340180e-06 7.829299709407183479e-29
1.047225189888435394e-06 8.507374972037061789e-29
1.091631734193614770e-06 9.244177030270968470e-29
1.137921293915313960e-06 1.004479216041500982e-28
1.186173716452479197e-06 1.091474716485291832e-28
1.236472235053714927e-06 1.186004752740928942e-28
1.288903612390891551e-06 1.288721887361384144e-28
1.343558290220826187e-06 1.400335202214524658e-28
1.400530545393222473e-06 1.521615193853522265e-28
1.459918652473977078e-06 1.653399092916270411e-28
1.521825053264387058e-06 1.796596644285330543e-28
1.586356533508592829e-06 1.952196387921898332e-28
1.653624407094178687e-06 2.121272483745710376e-28
1.723744708063619884e-06 2.304992127690046523e-28
1.796838390767722947e-06 2.504623610144126752e-28
1.873031538506438410e-06 2.721545072432770334e-28
1.952455581016861103e-06 2.957254021804170052e-28
2.035247521183579910e-06 3.213377670636316798e-28
2.121550171362452519e-06 3.491684171266007735e-28
2.211512399725488909e-06 3.794094824031383720e-28
2.305289387051710850e-06 4.122697342841708988e-28
2.403042894406969757e-06 4.479760269894139505e-28
2.504941542174502410e-06 4.867748639096269178e-28
2.611161100917462053e-06 5.289340996379994300e-28
2.721884794575179673e-06 5.747447894467384298e-28
2.837303616516211435e-06 6.245231989836920757e-28
2.957616658993256599e-06 6.786129880708561354e-28
3.083031456568277085e-06 7.373875836896776997e-28
3.213764344100275447e-06 8.012527585454162429e-28
3.350040829913136129e-06 8.706494330234080307e-28
3.492095984787271205e-06 9.460567198939761821e-28
3.640174847446137571e-06 1.027995232800430024e-27
3.794532847236942309e-06 1.117030681387661208e-27
3.955436244734701173e-06 1.213777777910161898e-27
4.123162591029747908e-06 1.318904482311371717e-27
4.298001206490798531e-06 1.433136615105877349e-27
4.480253679829498847e-06 1.557262869938796934e-27
4.670234388327330377e-06 1.692140260459857267e-27
4.868271040122284053e-06 1.838700039152549184e-27
5.074705239490476054e-06 1.997954129021899571e-27
5.289893076098145533e-06 2.171002112591219968e-27
5.514205739240301802e-06 2.359038826511975620e-27
5.748030158125362767e-06 2.563362614279252054e-27
5.991769669310612853e-06 2.785384294097697651e-27
6.245844712439617693e-06 3.026636903889241075e-27
6.510693555481467715e-06 3.288786290809867397e-27
6.786773050723302017e-06 3.573642618486141161e-27
7.074559422819878311e-06 3.883172871531272971e-27
7.374549090259561664e-06 4.219514443801833531e-27
7.687259521663735955e-06 4.584989904356219543e-27
8.013230128396886409e-06 4.982123043227455570e-27
8.353023195026787283e-06 5.413656307981343570e-27
8.707224849239921313e-06 5.882569751659638704e-27
9.076446072885356405e-06 6.392101623172472918e-27
9.461323755890779059e-06 6.945770742577049434e-27
9.862521794868783995e-06 7.547400816041321888e-27
1.028073223830864773e-05 8.201146858726952291e-27
1.071667648032864333e-05 8.911523908427478513e-27
1.117110650504824176e-05 9.683438228670117627e-27
1.164480618372685418e-05 1.052222121724076792e-26
1.213859262690628995e-05 1.143366625484147914e-26
1.265331759388942887e-05 1.242406874897147415e-26
1.318986896198669182e-05 1.350026965027603077e-26
1.374917225806420378e-05 1.466970274268596449e-26
1.433219225503573986e-05 1.594044603484605898e-26
1.493993463605256153e-05 1.732127760878215229e-26
1.557344772926135167e-05 1.882173631268270980e-26
1.623382431612281556e-05 2.045218771829060077e-26
1.692220351641035697e-05 2.222389579994656744e-26
1.763977275314045312e-05 2.414910083205341936e-26
1.838776980082330764e-05 2.624110404491486388e-26
1.916748492056813148e-05 2.851435962585786542e-26
1.998026308572550550e-05 3.098457470358373715e-26
2.082750630190518509e-05 3.366881800918032775e-26
2.171067602537267172e-05 3.658563796756055640e-26
2.263129568399529777e-05 3.975519103867234561e-26
2.359095330508638664e-05 4.319938119913497182e-26
2.459130425468046297e-05 4.694201153248592040e-26
2.563407409296515038e-05 5.100894898051945391e-26
2.672106155079437918e-05 5.542830339984886578e-26
2.785414163241768898e-05 6.023062216748763545e-26
2.903526884977813914e-05 6.544910168761311758e-26
3.026648059395695245e-05 7.111981726950721726e-26
3.154990064958088780e-05 7.728197297481464066e-26
3.288774285825509885e-05 8.397817317160720388e-26
3.428231493733974476e-05 9.125471768427753609e-26
3.573602246065788401e-05 9.916192259309527407e-26
3.725137300800209639e-05 1.077544689165031484e-25
3.883098049059608917e-05 1.170917816041597427e-25
4.047756965997322426e-05 1.272384414807780370e-25
4.219398080805024284e-05 1.382646330114351546e-25
4.398317466650228581e-05 1.502466310098809374e-25
4.584823751389095932e-05 1.632673296842673639e-25
4.779238649935594978e-05 1.774168177115832534e-25
4.981897519205165294e-05 1.927930033550082361e-25
5.193149936590212571e-05 2.095022939897644388e-25
5.413360302965375723e-05 2.276603347853169769e-25
5.642908471262542147e-05 2.473928117076787590e-25
5.882190401699967781e-05 2.688363244581776269e-25
6.131618844795768525e-05 2.921393354575176250e-25
6.391624053344005150e-05 3.174632015199214330e-25
6.662654524581163073e-05 3.449832954453642853e-25
6.945177773823688636e-05 3.748902253928026239e-25
7.239681140910876969e-05 4.073911605882081928e-25
7.546672630843902273e-05 4.427112726733249550e-25
7.866681790071590008e-05 4.810953028199265578e-25
8.200260619934131279e-05 5.228092656256285978e-25
8.547984528840422633e-05 5.681423017778422959e-25
8.910453324821521659e-05 6.174086925291771691e-25
9.288292250172498895e-05 6.709500501783174182e-25
9.682153059967095780e-05 7.291377000034929724e-25
1.009271514630571888e-04 7.923752704605431778e-25
1.052068671023622786e-04 8.611015099442151553e-25
1.096680598336869630e-04 9.357933500306717631e-25
1.143184250129150245e-04 1.016969236883491932e-24
1.191659843098558737e-04 1.105192754427727737e-24
1.242190995452618560e-04 1.201076564991044507e-24
1.294864871145904987e-04 1.305286695393728436e-24
1.349772330233941922e-04 1.418547198957229420e-24
1.407008085602686571e-04 1.541645226612650459e-24
1.466670866343968511e-04 1.675436543247086874e-24
1.528863588058729521e-04 1.820851528649102966e-24
1.593693530381776018e-04 1.978901705929352518e-24
1.661272522034293005e-04 2.150686844125805398e-24
1.731717133723356357e-04 2.337402685884223389e-24
1.805148879221109997e-04 2.540349355665442616e-24
1.881694424970555652e-04 2.760940508908032322e-24
1.961485808579433343e-04 3.000713288004924020e-24
2.044660666579117651e-04 3.261339156879825512e-24
2.131362471841437593e-04 3.544635692418853999e-24
2.221740781062886937e-04 3.852579418075803053e-24
2.315951492743154505e-04 4.187319772682479857e-24
2.414157116103017771e-04 4.551194315918968601e-24
2.516527051405394329e-04 4.946745281099520748e-24
2.623237882163123851e-04 5.376737595982879377e-24
2.734473679737579768e-04 5.844178503301256078e-24
2.850426320853437548e-04 6.352338924708299464e-24
2.971295818577334162e-04 6.904776724972567436e-24
3.097290667331413267e-04 7.505362047595351762e-24
3.228628202536733467e-04 8.158304908727238346e-24
3.365534975507094152e-04 8.868185253429829799e-24
3.508247144239795708e-04 9.639985697115059686e-24
3.657010880777493184e-04 1.047912719555671951e-23
3.812082795843888027e-04 1.139150790937716769e-23
3.973730381485612601e-04 1.238354555355636497e-23
4.142232472483898067e-04 1.346222354950313978e-23
4.317879727332021378e-04 1.463514132679917194e-23
4.500975129608051229e-04 1.591056915412676980e-23
4.691834510607798968e-04 1.729750791440879026e-23
4.890787094139589959e-04 1.880575427812853385e-23
5.098176064420429331e-04 2.044597177149894736e-23
5.314359158053241772e-04 2.222976828299900311e-23
5.539709281106400826e-04 2.416978060319979787e-23
5.774615152359826014e-04 2.627976664922523221e-23
6.019481973827273949e-04 2.857470608714557980e-23
6.274732129711587487e-04 3.107091013364409769e-23
6.540805914998259248e-04 3.378614139304555341e-23
6.818162294944478787e-04 3.673974466795276132e-23
7.107279696773426267e-04 3.995278977204141450e-23
7.408656834939568014e-04 4.344822747287932679e-23
7.722813571388642594e-04 4.725105980188300321e-23
8.050291812295988936e-04 5.138852608873122665e-23
8.391656442830161588e-04 5.589030620988352737e-23
8.747496301554415774e-04 6.078874268655168782e-23
9.118425196146581063e-04 6.611908342795543188e-23
9.505082962189511427e-04 7.191974709252524305e-23
9.908136566858666023e-04 7.823261323462222951e-23
1.032828125941029481e-03 8.510333961923134499e-23
1.076624177045493267e-03 9.258170932410969210e-23
1.122277356208509387e-03 1.007220105103808594e-22
1.169866413101308027e-03 1.095834520311727234e-22
1.219473436696738231e-03 1.192306183665703368e-22
1.271183996869030197e-03 1.297339677250610603e-22
1.325087291997953777e-03 1.411703775404657243e-22
1.381276302832009544e-03 1.536237420230345614e-22
1.439847952876009609e-03 1.671856268983894324e-22
1.500903275579736594e-03 1.819559869933080133e-22
1.564547588616095868e-03 1.980439529084362200e-22
1.630890675549334212e-03 2.155686936610005424e-22
1.700046975206718092e-03 2.346603628923393285e-22
1.772135779080358372e-03 2.554611370231093227e-22
1.847281437099636096e-03 2.781263546117823053e-22
1.925613572129198682e-03 3.028257671389739641e-22
2.007267303562572294e-03 3.297449125116334795e-22
2.092383480396978884e-03 3.590866237687667320e-22
2.181108924191519933e-03 3.910726867872515754e-22
2.273596682327719623e-03 4.259456622465950536e-22
2.370006292009330367e-03 4.639708887314618549e-22
2.470504055456825433e-03 5.054386856481252322e-22
2.575263326771203790e-03 5.506667766255469637e-22
2.684464810961965237e-03 6.000029562857215333e-22
2.798296875655115722e-03 6.538280257257704345e-22
2.916955876018798889e-03 7.125590247832399596e-22
3.040646493467068570e-03 7.766527921867848154e-22
3.169582088726115212e-03 8.466098880605257533e-22
3.303985069871861503e-03 9.229789169893705464e-22
3.444087275973823411e-03 1.006361294006458460e-21
3.590130377007068330e-03 1.097416500478850409e-21
3.742366290721984689e-03 1.196867881995029868e-21
3.901057617190993500e-03 1.305509046055221495e-21
4.066478091781862599e-03 1.424210923696180308e-21
4.238913057338783430e-03 1.553929566216091294e-21
4.418659956385941057e-03 1.695714755981339809e-21
4.606028844202407491e-03 1.850719518980370161e-21
4.801342923653455046e-03 2.020210636437456017e-21
5.004939102700953560e-03 2.205580263516095327e-21
5.217168575554354502e-03 2.408358775044737882e-21
5.438397428464801162e-03 2.630228971416524771e-21
5.669007271207434327e-03 2.873041792491650684e-21
5.909395895340977152e-03 3.138833703610217827e-21
6.159977960380168260e-03 3.429845935989931120e-21
6.421185709064758558e-03 3.748545783587020310e-21
6.693469712958667432e-03 4.097650181163392764e-21
6.977299649665537687e-03 4.480151812551731375e-21
7.273165113001469131e-03 4.899348025686767880e-21
7.581576457522117875e-03 5.358872861159309717e-21
7.903065678861348128e-03 5.862732534577159711e-21
8.238187331399618799e-03 6.415344750094831606e-21
8.587519484845179685e-03 7.021582263476694702e-21
8.951664721378302381e-03 7.686821158364725880e-21
9.331251175078259658e-03 8.416994349448042985e-21
9.726933615426178875e-03 9.218650881425665878e-21
1.013939457675291748e-02 1.009902165349423866e-20
1.056934553557989376e-02 1.106609226609262960e-20
1.101752813788387311e-02 1.212868376034303400e-20
1.148471547840288973e-02 1.329654210162209008e-20
1.197171343418968088e-02 1.458043734758378098e-20
1.247936205471311330e-02 1.599227353838124863e-20
1.300853701090573175e-02 1.754521045345525831e-20
1.356015110565634771e-02 1.925379849575864218e-20
1.413515584835395647e-02 2.113412809137281479e-20
1.473454309619837317e-02 2.320399513079694647e-20
1.535934676510898600e-02 2.548308412844700489e-20
1.601064461318317880e-02 2.799317093997188330e-20
1.668956009978026650e-02 3.075834705279491888e-20
1.739726432343802545e-02 3.380526765559165403e-20
1.813497804196495186e-02 3.716342589498425748e-20
1.890397377819223387e-02 4.086545595415889429e-20
1.970557801501800557e-02 4.494746779889888422e-20
2.054117348353064199e-02 4.944941672075655005e-20
2.141220154815731691e-02 5.441551103309484665e-20
2.232016469295234479e-02 5.989466157136299663e-20
2.326662911331458042e-02 6.594097693114864056e-20
2.425322741760355463e-02 7.261430867281529120e-20
2.528166144331500664e-02 7.998085103052035591e-20
2.635370519267398598e-02 8.811379997062416954e-20
2.747120789270814448e-02 9.709407675624200947e-20
2.863609718508115798e-02 1.070111214796557999e-19
2.985038245118735653e-02 1.179637623180688085e-19
3.111615827824363092e-02 1.300611665420723417e-19
3.243560807235811722e-02 1.434238795499837967e-19
3.381100782480688655e-02 1.581849584031991346e-19
3.524473003801587706e-02 1.744912064827449157e-19
3.673924781802074407e-02 1.925045159586563100e-19
3.829713914046285056e-02 2.124033247408382209e-19
3.992109129748053209e-02 2.343841944391117202e-19
4.161390553316707264e-02 2.586635155732884342e-19
4.337850187558993376e-02 2.854793458093775960e-19
4.521792417370702061e-02 3.150933863186267000e-19
4.713534534786916613e-02 3.477931004199368604e-19
4.913407286296366666e-02 3.838939774257860613e-19
5.121755443364241212e-02 4.237419430137518635e-19
5.338938397147360848e-02 4.677159154301256452e-19
5.565330778427651781e-02 5.162305043331675324e-19
5.801323103833378597e-02 5.697388460286147075e-19
6.047322449462655403e-02 6.287355651603640164e-19
6.303753153071281479e-02 6.937598485104997950e-19
6.571057546036269958e-02 7.653986113451404045e-19
6.849696716357453474e-02 8.442897306225555422e-19
7.140151304013403477e-02 9.311253122625024722e-19
7.442922330043758028e-02 1.026654951462881779e-18
7.758532060787844131e-02 1.131688935654175667e-18
8.087524908770457599e-02 1.247101329010868306e-18
8.430468371788966964e-02 1.373832865426100456e-18
8.787954011821327849e-02 1.512893563440688723e-18
9.160598475443709754e-02 1.665364961773068139e-18
9.549044557518097942e-02 1.832401857826981136e-18
9.953962309984243362e-02 2.015233413911220461e-18
1.037605019766911774e-01 2.215163477038770916e-18
1.081603630310711550e-01 2.433569937690693486e-18
1.127467958244947333e-01 2.671902933593911724e-18
1.175277117462945192e-01 2.931681680859528706e-18
1.225113576604120319e-01 3.214489695728420946e-18
1.277063301308644649e-01 3.521968148586521000e-18
1.331215902504307713e-01 3.855807072919794111e-18
1.387664790981310015e-01 4.217734135283085398e-18
1.446507338521647035e-01 4.609500659305209489e-18
1.507845045861050948e-01 5.032864588763084348e-18
1.571783717773164446e-01 5.489570073440983188e-18
1.638433645577984654e-01 5.981323368716118004e-18
1.707909797389430273e-01 6.509764757673000127e-18
1.780332016430115627e-01 7.076436235352592467e-18
1.855825227755519002e-01 7.682744740974190241e-18
1.934519653744048162e-01 8.329920788227285178e-18
2.016551038724748446e-01 9.018972428668787097e-18
2.102060883130158486e-01 9.750635608411756699e-18
2.191196687578151892e-01 1.052531397645369592e-17
2.284112207303825581e-01 1.134302983923254610e-17
2.380967717380358395e-01 1.220335119681934615e-17
2.481930289186257688e-01 1.310540409980040240e-17
2.587174078595924076e-01 1.404743969166040027e-17
2.696880626390692481e-01 1.502749515876768239e-17
2.811239171408467241e-01 1.604259775948164932e-17
2.930446976972144180e-01 1.708906520154965296e-17
3.054709671159974160e-01 1.816237375009873380e-17
3.184241601504656516e-01 1.925710686599212144e-17
3.319266204733190007e-01 2.036691430411731276e-17
3.460016392185115697e-01 2.148448480554305625e-17
3.606734951574031567e-01 2.260153559635778943e-17
3.759674965785467782e-01 2.370882221826373604e-17
3.919100249433409844e-01 2.479617206534693439e-17
4.085285803928565551e-01 2.585254497729810977e-17
4.258518291843414461e-01 2.686612391800976928e-17
4.439096531392175415e-01 2.782443830270681678e-17
4.627332011878693141e-01 2.871452184012051654e-17
4.823549431001467047e-01 2.952310583606726504e-17
5.028087254942484874e-01 3.023684773528043347e-17
5.241298302206061077e-01 3.084259327827038679e-17
5.463550352214875394e-01 3.132766902873568965e-17
5.695226779712830867e-01 3.168020022656117742e-17
5.936727216069126456e-01 3.188944699879983069e-17
6.188468238624394990e-01 3.194614999720977131e-17
6.450884089267698851e-01 3.184287462905172724e-17
6.724427423484249378e-01 3.157434133169132486e-17
7.009570091165632233e-01 3.113772795225324361e-17
7.306803950529506819e-01 3.053292938187442629e-17
7.616641716552892127e-01 2.976275931253894691e-17
7.939617845382291872e-01 2.883307947451592347e-17
8.276289456246351817e-01 2.775284309018711902e-17
8.627237292461450435e-01 2.653404162211190689e-17
8.993066723187632672e-01 2.519154721846172235e-17
9.374408787663000009e-01 2.374284751587124705e-17
9.771921283717996953e-01 2.220767451447378899e-17
1.018628990244688559e+00 2.060753487017375635e-17
1.061822941099386908e+00 1.896515484588148084e-17
1.106848488549411869e+00 1.730385894189864330e-17
1.153783299629661974e+00 1.564690644677873195e-17
1.202708334768514575e+00 1.401681435137803602e-17
1.253707987440919602e+00 1.243469780590473706e-17
1.306870229743347656e+00 1.091966019214591371e-17
1.362286764141649620e+00 9.488263664035899090e-18
1.420053181653681662e+00 8.154107570241750223e-18
1.480269126739510055e+00 6.927536593491996761e-18
1.543038469183567685e+00 5.815493017340216502e-18
1.608469483265355215e+00 4.821518754559471792e-18
1.676675034527700836e+00 3.945903317941408404e-18
1.747772774464684487e+00 3.185964557467628545e-18
1.821885343465165175e+00 2.536440578371852309e-18
1.899140582361935614e+00 1.989964538326698651e-18
1.979671752951336572e+00 1.537589660543092463e-18
2.063617767863856756e+00 1.169330168856311551e-18
2.151123430182167340e+00 8.746850878331932324e-19
2.242339683219849444e+00 6.431157665769531815e-19
2.337423870891812694e+00 4.644540596941960588e-19
2.436540009125466089e+00 3.292256822902423810e-19
2.539859068780728979e+00 2.288814222592368277e-19
2.647559270567074741e+00 1.559368498693685995e-19
2.759826392466180334e+00 1.040279957991103301e-19
2.876854090190597457e+00 6.789578049924955740e-20
2.998844231231037050e+00 4.331512707315574498e-20
3.126007243068703367e+00 2.698600656761788943e-20
3.258562476153229692e+00 1.640296510940057979e-20
3.396738582272216700e+00 9.717582611489777690e-21
3.540773908965269889e+00 5.605184982691878481e-21
3.690916910662782158e+00 3.144501326276846130e-21
3.847426577258513891e+00 1.713786213213953561e-21
4.010572880855495903e+00 9.063551088867205498e-22
4.180637241455761988e+00 4.645699896976229545e-22
4.357913012397038877e+00 2.304989073859382370e-22
4.542705986374042659e+00 1.105564650009028884e-22
4.735334922917121325e+00 5.119339273249163184e-23
4.936132098237926868e+00 2.285289584338893487e-23
5.145443878390924652e+00 9.820805531385848963e-24
5.363631316739245314e+00 4.056920868605711937e-24
5.591070776755304728e+00 1.608703288363394661e-24
5.828154581230839959e+00 6.108356722867832858e-25
6.075291689016077079e+00 2.218355857377843311e-25
6.332908400455127484e+00 7.691775736674640580e-26
6.601449092734882562e+00 2.541621666679616072e-26
6.881376986415670416e+00 7.988281741138056872e-27
7.173174944465626979e+00 2.383367893585532811e-27
7.477346305177580810e+00 6.736396428508220659e-28
7.794415750404950494e+00 1.799831659759109798e-28
8.124930210614063952e+00 4.535619588362873271e-29
8.469459808314576676e+00 1.075566314904007659e-29
8.828598841495150396e+00 2.394363568682669399e-30
9.202966808760429274e+00 4.991293748405137977e-31
9.593209477938270169e+00 9.718165936265288584e-32
1.000000000000000000e+01 1.762525427553398760e-32
