1.000000000000000000e+00 1.027977357166891652e-18
1.099099099099099197e+00 3.014869072010558516e-18
1.198198198198198172e+00 8.613868454666719127e-18
1.297297297297297369e+00 2.403815047523644747e-17
1.396396396396396344e+00 6.565314386881955368e-17
1.495495495495495542e+00 1.757758987614293298e-16
1.594594594594594739e+00 4.619294568405274620e-16
1.693693693693693714e+00 1.192794838981338507e-15
1.792792792792792689e+00 3.029089373381853994e-15
1.891891891891891886e+00 7.570688194868286549e-15
1.990990990990991083e+00 1.863404360165225290e-14
2.090090090090090058e+00 4.519176188151653084e-14
2.189189189189189477e+00 1.080417346715926073e-13
2.288288288288288008e+00 2.547282347687995726e-13
2.387387387387387427e+00 5.924708753060309763e-13
2.486486486486486402e+00 1.359859319234849446e-12
2.585585585585585378e+00 3.080882424091818979e-12
2.684684684684684797e+00 6.891508984552657539e-12
2.783783783783783772e+00 1.522313780266986643e-11
2.882882882882882747e+00 3.321448720384493559e-11
2.981981981981982166e+00 7.159107964493725694e-11
3.081081081081081141e+00 1.524633365286589839e-10
3.180180180180180116e+00 3.208542937607514425e-10
3.279279279279279091e+00 6.673311586331540461e-10
3.378378378378378510e+00 1.371880605236187909e-09
3.477477477477477485e+00 2.787908328558917729e-09
3.576576576576576461e+00 5.601056407794878374e-09
3.675675675675675880e+00 1.112574920779020764e-08
3.774774774774774855e+00 2.185203797963162861e-08
3.873873873873873830e+00 4.244150020174411360e-08
3.972972972972972805e+00 8.151844060572422941e-08
4.072072072072072224e+00 1.548514857941747831e-07
4.171171171171170755e+00 2.909345277758968264e-07
4.270270270270270174e+00 5.406543453519790877e-07
4.369369369369369593e+00 9.938278809789026747e-07
4.468468468468469013e+00 1.807135388784044685e-06
4.567567567567567544e+00 3.250707168062526086e-06
4.666666666666666075e+00 5.784835267447698630e-06
4.765765765765765494e+00 1.018467843160612860e-05
4.864864864864864913e+00 1.774038134882391414e-05
4.963963963963964332e+00 3.057405465826323551e-05
5.063063063063062863e+00 5.213529477392851410e-05
5.162162162162162282e+00 8.796557835995907524e-05
5.261261261261261701e+00 1.468616769681274994e-04
5.360360360360360232e+00 2.426224279167223292e-04
5.459459459459459651e+00 3.966353695884398760e-04
5.558558558558558182e+00 6.416536236506604693e-04
5.657657657657657602e+00 1.027232370752032475e-03
5.756756756756757021e+00 1.627440672428384421e-03
5.855855855855855552e+00 2.551638559622481338e-03
5.954954954954954971e+00 3.959308206331070210e-03
6.054054054054054390e+00 6.080143635965602755e-03
6.153153153153152921e+00 9.240820965128316092e-03
6.252252252252252340e+00 1.390006718797524160e-02
6.351351351351351759e+00 2.069378612761714475e-02
6.450450450450450290e+00 3.049204026758964292e-02
6.549549549549549710e+00 4.446957034140149034e-02
6.648648648648649129e+00 6.419119503171878682e-02
6.747747747747747660e+00 9.171279990102552959e-02
6.846846846846847079e+00 1.296976284275221936e-01
6.945945945945945610e+00 1.815461711285646651e-01
7.045045045045045029e+00 2.515360781994959716e-01
7.144144144144144448e+00 3.449662036193881787e-01
7.243243243243242979e+00 4.682961868168455388e-01
7.342342342342342398e+00 6.292700249199187912e-01
7.441441441441441818e+00 8.370090990083702831e-01
7.540540540540540349e+00 1.102057391512755613e+00
7.639639639639639768e+00 1.436359547242801238e+00
7.738738738738739187e+00 1.853151424073411047e+00
7.837837837837837718e+00 2.366743310859610983e+00
7.936936936936937137e+00 2.992178492614816943e+00
8.036036036036035668e+00 3.744754659930338736e+00
8.135135135135135087e+00 4.639402975567697318e+00
8.234234234234234506e+00 5.689929382790130497e+00
8.333333333333332149e+00 6.908134638385311277e+00
8.432432432432431568e+00 8.302842928662023780e+00
8.531531531531530987e+00 9.878882806487736090e+00
8.630630630630630407e+00 1.163607731677467427e+01
8.729729729729729826e+00 1.356831110608924718e+01
8.828828828828829245e+00 1.566274952419587585e+01
8.927927927927928664e+00 1.789928680885422096e+01
9.027027027027026307e+00 2.025029627667328569e+01
9.126126126126125726e+00 2.268074437182928804e+01
9.225225225225225145e+00 2.514871242866583145e+01
9.324324324324324564e+00 2.760634578990621790e+01
9.423423423423423984e+00 3.000122094774029335e+01
9.522522522522523403e+00 3.227808978294336839e+01
9.621621621621621046e+00 3.438092843220044159e+01
9.720720720720720465e+00 3.625518975720866166e+01
9.819819819819819884e+00 3.785013573294363454e+01
9.918918918918919303e+00 3.912111186858763290e+01
1.001801801801801872e+01 4.003162190036884027e+01
1.011711711711711636e+01 4.055506839867388180e+01
1.021621621621621578e+01 4.067604347208065718e+01
1.031531531531531520e+01 4.039108216501864490e+01
1.041441441441441462e+01 3.970882714494178600e+01
1.051351351351351404e+01 3.864959376859830087e+01
1.061261261261261346e+01 3.724436603588335970e+01
1.071171171171171110e+01 3.553329261907788350e+01
1.081081081081081052e+01 3.356378472962487081e+01
1.090990990990990994e+01 3.138834134433110279e+01
1.100900900900900936e+01 2.906224047755278761e+01
1.110810810810810878e+01 2.664123706244122758e+01
1.120720720720720642e+01 2.417939901394962376e+01
1.130630630630630584e+01 2.172719462267971124e+01
1.140540540540540526e+01 1.932991880619297120e+01
1.150450450450450468e+01 1.702651566978799025e+01
1.160360360360360410e+01 1.484882323618176336e+01
1.170270270270270352e+01 1.282123589633567740e+01
1.180180180180180116e+01 1.096075351004277110e+01
1.190090090090090058e+01 9.277364936723829558e+00
1.200000000000000000e+01 7.774699177899080382e+00
1.209909909909909942e+01 6.450869599176421332e+00
1.219819819819819884e+01 5.299435533824254918e+00
1.229729729729729826e+01 4.310410069494683860e+00
1.239639639639639590e+01 3.471251725862706916e+00
1.249549549549549532e+01 2.767789593012614624e+00
1.259459459459459474e+01 2.185044849903299724e+00
1.269369369369369416e+01 1.707925080016621244e+00
1.279279279279279358e+01 1.321780344410938390e+00
1.289189189189189122e+01 1.012820756212554185e+00
1.299099099099099064e+01 7.684038372866485167e-01
1.309009009009009006e+01 5.772060380960524206e-01
1.318918918918918948e+01 4.292965290137149004e-01
1.328828828828828890e+01 3.161329798112771372e-01
1.338738738738738832e+01 2.304989109260134061e-01
1.348648648648648596e+01 1.664007610119231928e-01
1.358558558558558538e+01 1.189405090917157043e-01
1.368468468468468480e+01 8.417691673053415147e-02
1.378378378378378422e+01 5.898555071126837523e-02
1.388288288288288364e+01 4.092496519098523522e-02
1.398198198198198128e+01 2.811393869228808948e-02
1.408108108108108070e+01 1.912257566028871883e-02
1.418018018018018012e+01 1.287843274162935210e-02
1.427927927927927954e+01 8.587607200085516437e-03
1.437837837837837895e+01 5.669887561085579231e-03
1.447747747747747837e+01 3.706554704096566566e-03
1.457657657657657602e+01 2.399167873253231671e-03
1.467567567567567544e+01 1.537608132496158997e-03
1.477477477477477485e+01 9.757218820202386705e-04
1.487387387387387427e+01 6.130590376997606308e-04
1.497297297297297369e+01 3.813949597711168717e-04
1.507207207207207134e+01 2.349332595661539390e-04
1.517117117117117076e+01 1.432885416354828171e-04
1.527027027027027017e+01 8.653191460975218031e-05
1.536936936936936959e+01 5.174156200860967195e-05
1.546846846846846901e+01 3.063385128364333199e-05
1.556756756756756843e+01 1.795820675252756706e-05
1.566666666666666607e+01 1.042375248990986412e-05
1.576576576576576549e+01 5.990808171431063098e-06
1.586486486486486491e+01 3.409159900878217018e-06
1.596396396396396433e+01 1.920924926766444645e-06
1.606306306306306197e+01 1.071704106531402967e-06
1.616216216216216139e+01 5.920266968887286407e-07
1.626126126126126081e+01 3.238247102898456581e-07
1.636036036036036023e+01 1.753805286428823458e-07
1.645945945945945965e+01 9.404936083140249565e-08
1.655855855855855907e+01 4.993830402024636171e-08
1.665765765765765849e+01 2.625521459658331867e-08
1.675675675675675791e+01 1.366789291559591404e-08
1.685585585585585733e+01 7.045180707822158272e-09
1.695495495495495675e+01 3.595734668400506358e-09
1.705405405405405261e+01 1.817140124018222672e-09
1.715315315315315203e+01 9.092741051755772429e-10
1.725225225225225145e+01 4.505128579631771364e-10
1.735135135135135087e+01 2.210170878921651444e-10
1.745045045045045029e+01 1.073621339494897884e-10
1.754954954954954971e+01 5.163965824625904045e-11
1.764864864864864913e+01 2.459364166804596566e-11
1.774774774774774855e+01 1.159764711005220527e-11
1.784684684684684797e+01 5.415328560263323098e-12
1.794594594594594739e+01 2.503732374771164637e-12
1.804504504504504681e+01 1.146197524088501782e-12
1.814414414414414267e+01 5.195648765094517899e-13
1.824324324324324209e+01 2.332003218275569610e-13
1.834234234234234151e+01 1.036401015993068071e-13
1.844144144144144093e+01 4.560748399547420340e-14
1.854054054054054035e+01 1.987258074403838470e-14
1.863963963963963977e+01 8.573981951580605279e-15
1.873873873873873919e+01 3.662867946500803803e-15
1.883783783783783861e+01 1.549425216324298951e-15
1.893693693693693803e+01 6.489793730564967595e-16
1.903603603603603744e+01 2.691549271097609582e-16
1.913513513513513686e+01 1.105312773886696112e-16
1.923423423423423273e+01 4.494482574910413672e-17
1.933333333333333215e+01 1.809614675038682096e-17
1.943243243243243157e+01 7.214473630221176421e-18
1.953153153153153099e+01 2.847970954372740614e-18
1.963063063063063041e+01 1.113215012118254325e-18
1.972972972972972983e+01 4.308592005499870430e-19
1.982882882882882924e+01 1.651219194646128774e-19
1.992792792792792866e+01 6.265956048803228853e-20
2.002702702702702808e+01 2.354417266473860653e-20
2.012612612612612750e+01 8.759780216534384280e-21
2.022522522522522692e+01 3.227133119843192883e-21
2.032432432432432279e+01 1.177211922726548259e-21
2.042342342342342221e+01 4.252131893085964108e-22
2.052252252252252163e+01 1.520804208614466813e-22
2.062162162162162105e+01 5.385854106543777219e-23
2.072072072072072046e+01 1.888646851413821046e-23
2.081981981981981988e+01 6.557858161641762627e-24
2.091891891891891930e+01 2.254698906854847654e-24
2.101801801801801872e+01 7.675921952627650947e-25
2.111711711711711814e+01 2.587546663330842059e-25
2.121621621621621756e+01 8.636974867773650604e-26
2.131531531531531698e+01 2.854638538428583194e-26
2.141441441441441285e+01 9.342363743966576915e-27
2.151351351351351227e+01 3.027462503617266536e-27
2.161261261261261168e+01 9.714429411566983769e-28
2.171171171171171110e+01 3.086544288502832934e-28
2.181081081081081052e+01 9.710566965858491015e-29
2.190990990990990994e+01 3.025057852474720217e-29
2.200900900900900936e+01 9.331253032398903132e-30
2.210810810810810878e+01 2.850122927245096962e-30
2.220720720720720820e+01 8.619949447453572420e-31
2.230630630630630762e+01 2.581448724020589984e-31
2.240540540540540704e+01 7.654910148023780211e-32
2.250450450450450646e+01 2.247680891474936770e-32
2.260360360360360232e+01 6.535026010959208267e-33
2.270270270270270174e+01 1.881387463905057465e-33
2.280180180180180116e+01 5.363244240602327207e-34
2.290090090090090058e+01 1.513893943501475412e-34
2.300000000000000000e+01 4.231379883456603972e-35
2.309909909909909942e+01 1.171082284866820910e-35
2.319819819819819884e+01 3.209310763577597903e-36
2.329729729729729826e+01 8.708738242296251894e-37
2.339639639639639768e+01 2.340011218490098443e-37
2.349549549549549710e+01 6.225869489144540920e-38
2.359459459459459651e+01 1.640218051565363162e-38
2.369369369369369238e+01 4.278807943509838779e-39
2.379279279279279180e+01 1.105258233424857935e-39
2.389189189189189122e+01 2.826992197000859349e-40
2.399099099099099064e+01 7.159875507200314680e-41
2.409009009009009006e+01 1.795587055381638390e-41
2.418918918918918948e+01 4.458899829063614373e-42
2.428828828828828890e+01 1.096400793706551564e-42
2.438738738738738832e+01 2.669509438856859558e-43
2.448648648648648773e+01 6.435972676810990768e-44
2.458558558558558715e+01 1.536447233679267044e-44
2.468468468468468657e+01 3.631967466946654569e-45
2.478378378378378244e+01 8.501336453085629373e-46
2.488288288288288186e+01 1.970396037937257640e-46
2.498198198198198128e+01 4.522108972696104223e-47
2.508108108108108070e+01 1.027660840319486474e-47
2.518018018018018012e+01 2.312490651254840937e-48
2.527927927927927954e+01 5.152662106973858899e-49
2.537837837837837895e+01 1.136854663822804541e-49
2.547747747747747837e+01 2.483704597739862497e-50
2.557657657657657779e+01 5.372998845284349411e-51
2.567567567567567721e+01 1.150947376524903328e-51
2.577477477477477663e+01 2.441272179631384033e-52
2.587387387387387250e+01 5.127421859542127826e-53
2.597297297297297192e+01 1.066360651191971390e-53
2.607207207207207134e+01 2.195995677497069716e-54
2.617117117117117076e+01 4.477970783741800594e-55
2.627027027027027017e+01 9.041771560386856157e-56
2.636936936936936959e+01 1.807791744546021463e-56
2.646846846846846901e+01 3.579035067374576789e-57
2.656756756756756843e+01 7.016269892663002135e-58
2.666666666666666785e+01 1.361976105070888449e-58
2.676576576576576727e+01 2.617915644150447827e-59
2.686486486486486669e+01 4.982701328363577220e-60
2.696396396396396256e+01 9.390683372337876637e-61
2.706306306306306197e+01 1.752478752144782620e-61
2.716216216216216139e+01 3.238408508187622935e-62
2.726126126126126081e+01 5.925621326366699942e-63
2.736036036036036023e+01 1.073642348843457864e-63
2.745945945945945965e+01 1.926233498842850778e-64
2.755855855855855907e+01 3.422014695640857684e-65
2.765765765765765849e+01 6.019751054677604556e-66
2.775675675675675791e+01 1.048573783756202719e-66
2.785585585585585733e+01 1.808603393499515632e-67
2.795495495495495675e+01 3.088955473915875599e-68
2.805405405405405261e+01 5.224009926762749178e-69
2.815315315315315203e+01 8.748235275053393648e-70
2.825225225225225145e+01 1.450644871847888621e-70
2.835135135135135087e+01 2.381913724500770708e-71
2.845045045045045029e+01 3.872712775713218004e-72
2.854954954954954971e+01 6.234892430897599598e-73
2.864864864864864913e+01 9.939559332168716739e-74
2.874774774774774855e+01 1.569024975454871287e-74
2.884684684684684797e+01 2.452546301502225598e-75
2.894594594594594739e+01 3.796026860019024687e-76
2.904504504504504681e+01 5.817898116045615143e-77
2.914414414414414267e+01 8.829330809160995139e-78
2.924324324324324209e+01 1.326827234774957142e-78
2.934234234234234151e+01 1.974358187269061003e-79
2.944144144144144093e+01 2.909126182481211721e-80
2.954054054054054035e+01 4.244477992017098279e-81
2.963963963963963977e+01 6.132127723159892332e-82
2.973873873873873919e+01 8.772499296576362155e-83
2.983783783783783861e+01 1.242684269607295281e-83
2.993693693693693803e+01 1.743105336405612152e-84
3.003603603603603744e+01 2.421095386041526551e-85
3.013513513513513686e+01 3.329857637931294445e-86
3.023423423423423273e+01 4.534871585726119650e-87
3.033333333333333215e+01 6.115471451697773838e-88
3.043243243243243157e+01 8.166210599939816544e-89
3.053153153153153099e+01 1.079784159359515840e-89
3.063063063063063041e+01 1.413771203069289801e-90
3.072972972972972983e+01 1.832935458985102906e-91
3.082882882882882924e+01 2.353104071859497194e-92
3.092792792792792866e+01 2.991307615077809465e-93
3.102702702702702808e+01 3.765364762554550366e-94
3.112612612612612750e+01 4.693308742453776327e-95
3.122522522522522692e+01 5.792650746312253792e-96
3.132432432432432634e+01 7.079486693248758103e-97
3.142342342342342221e+01 8.567467299924666086e-98
3.152252252252252163e+01 1.026666654100827931e-98
3.162162162162162105e+01 1.218239920815898490e-99
3.172072072072072046e+01 1.431405298751634417e-100
3.181981981981981988e+01 1.665401266531287724e-101
3.191891891891891930e+01 1.918676206044688549e-102
3.201801801801801872e+01 2.188825150895415542e-103
3.211711711711711814e+01 2.472561394410763983e-104
3.221621621621621756e+01 2.765730010241222792e-105
3.231531531531531698e+01 3.063368310462877183e-106
3.241441441441441640e+01 3.359815537787631438e-107
3.251351351351351582e+01 3.648870819589597816e-108
3.261261261261260813e+01 3.923994837646850183e-109
3.271171171171171466e+01 4.178547083325372681e-110
3.281081081081080697e+01 4.406047300439821543e-111
3.290990990990991349e+01 4.600447093449390020e-112
3.300900900900900581e+01 4.756395986436154803e-113
3.310810810810810523e+01 4.869485675709272484e-114
3.320720720720720465e+01 4.936456942806015374e-115
3.330630630630630407e+01 4.955355682094323340e-116
3.340540540540540349e+01 4.925627620578301019e-117
3.350450450450450290e+01 4.848145322989684567e-118
3.360360360360360232e+01 4.725165646130566478e-119
3.370270270270270174e+01 4.560220537289256876e-120
3.380180180180180116e+01 4.357948549983316698e-121
3.390090090090090058e+01 4.123878290735160333e-122
3.400000000000000000e+01 3.864177894714393396e-123
3.409909909909909942e+01 3.585386336917454332e-124
3.419819819819819884e+01 3.294142819371647778e-125
3.429729729729729826e+01 2.996929658914550803e-126
3.439639639639639768e+01 2.699842175907649643e-127
3.449549549549549710e+01 2.408396288260699755e-128
3.459459459459459651e+01 2.127381148127955112e-129
3.469369369369369593e+01 1.860760550081664688e-130
3.479279279279279535e+01 1.611623311726234582e-131
3.489189189189189477e+01 1.382179663733639855e-132
3.499099099099099419e+01 1.173798105679127383e-133
3.509009009009009361e+01 9.870753278644970676e-135
3.518918918918919303e+01 8.219307254029964786e-136
3.528828828828828534e+01 6.777167188913268409e-137
3.538738738738738476e+01 5.533364602096155414e-138
3.548648648648648418e+01 4.473614090691960593e-139
3.558558558558558360e+01 3.581425553539411361e-140
3.568468468468468302e+01 2.839105664567091875e-141
3.578378378378378244e+01 2.228617003321587481e-142
3.588288288288288186e+01 1.732278101898326631e-143
3.598198198198198128e+01 1.333300740124829523e-144
3.608108108108108070e+01 1.016171453485348411e-145
3.618018018018018012e+01 7.668920970643110720e-147
3.627927927927927954e+01 5.730994236015683681e-148
3.637837837837837895e+01 4.240862131939282685e-149
3.647747747747747837e+01 3.107469284924321541e-150
3.657657657657657779e+01 2.254696436975668638e-151
3.667567567567567721e+01 1.619936124837094214e-152
3.677477477477477663e+01 1.152487741098702222e-153
3.687387387387387605e+01 8.119015774516192640e-155
3.697297297297297547e+01 5.663685589813892502e-156
3.707207207207207489e+01 3.912222992519297634e-157
3.717117117117117431e+01 2.675942722664778136e-158
3.727027027027027373e+01 1.812419832372588458e-159
3.736936936936937315e+01 1.215540997872184703e-160
3.746846846846846546e+01 8.072522469176610330e-162
3.756756756756756488e+01 5.308572971741082686e-163
3.766666666666666430e+01 3.456807777979941558e-164
3.776576576576576372e+01 2.228956593102155325e-165
3.786486486486486314e+01 1.423170604438962059e-166
3.796396396396396256e+01 8.997903330884751701e-168
3.806306306306306197e+01 5.633194111495098084e-169
3.816216216216216139e+01 3.492184468600935775e-170
3.826126126126126081e+01 2.143723323799017475e-171
3.836036036036036023e+01 1.303075012169948830e-172
3.845945945945945965e+01 7.843307781921504641e-174
3.855855855855855907e+01 4.674748871498007638e-175
3.865765765765765849e+01 2.758967151867892077e-176
3.875675675675675791e+01 1.612367442543887621e-177
3.885585585585585733e+01 9.330626078708088710e-179
3.895495495495495675e+01 5.346712782461750188e-180
3.905405405405405617e+01 3.033837095710744955e-181
3.915315315315315559e+01 1.704617806364685140e-182
3.925225225225225500e+01 9.483991885571325875e-184
3.935135135135135442e+01 5.224981345896380706e-185
3.945045045045045384e+01 2.850412804418373195e-186
3.954954954954955326e+01 1.539785583985182705e-187
3.964864864864864558e+01 8.236491201404954110e-189
3.974774774774774500e+01 4.362683989883189788e-190
3.984684684684684441e+01 2.288204461810478713e-191
3.994594594594594383e+01 1.188407767426170835e-192
4.004504504504504325e+01 6.111752283548217505e-194
4.014414414414414267e+01 3.112401671338673533e-195
4.024324324324324209e+01 1.569477872433084532e-196
4.034234234234234151e+01 7.836902455724375162e-198
4.044144144144144093e+01 3.874925865720965154e-199
4.054054054054054035e+01 1.897195532621393277e-200
4.063963963963963977e+01 9.197939580179287490e-202
4.073873873873873919e+01 4.415692279307295926e-203
4.083783783783783861e+01 2.099118050255984205e-204
4.093693693693693803e+01 9.881087946495392951e-206
4.103603603603603744e+01 4.605773007468879354e-207
4.113513513513513686e+01 2.125838089216201728e-208
4.123423423423423628e+01 9.716005475770248990e-210
4.133333333333333570e+01 4.397190232955829048e-211
4.143243243243243512e+01 1.970573868769356107e-212
4.153153153153153454e+01 8.744604441320131238e-214
4.163063063063063396e+01 3.842533189759967278e-215
4.172972972972973338e+01 1.671957053359339258e-216
4.182882882882882569e+01 7.203816863365766675e-218
4.192792792792792511e+01 3.073479268532453614e-219
4.202702702702702453e+01 1.298458321861484148e-220
4.212612612612612395e+01 5.431951263741859635e-222
4.222522522522522337e+01 2.250162395618504894e-223
4.232432432432432279e+01 9.230006993585908738e-225
4.242342342342342221e+01 3.749042724810770736e-226
4.252252252252252163e+01 1.507887578870124069e-227
4.262162162162162105e+01 6.005480679925363206e-229
4.272072072072072046e+01 2.368409764164189700e-230
4.281981981981981988e+01 9.249030075265144405e-232
4.291891891891891930e+01 3.576562692976355167e-233
4.301801801801801872e+01 1.369511917173399379e-234
4.311711711711711814e+01 5.192734688171754824e-236
4.321621621621621756e+01 1.949650733584478689e-237
4.331531531531531698e+01 7.248495736630697861e-239
4.341441441441441640e+01 2.668513262791296771e-240
4.351351351351351582e+01 9.727948700233791530e-242
4.361261261261261524e+01 3.511588568886030316e-243
4.371171171171171466e+01 1.255210174226205122e-244
4.381081081081081408e+01 4.442830704216456373e-246
4.390990990990991349e+01 1.557161251448619188e-247
4.400900900900901291e+01 5.404281237507673839e-249
4.410810810810810523e+01 1.857260595310317013e-250
4.420720720720720465e+01 6.320309082650928717e-252
4.430630630630630407e+01 2.129778207064010501e-253
4.440540540540540349e+01 7.106586541469297713e-255
4.450450450450450290e+01 2.348109509419732229e-256
4.460360360360360232e+01 7.682565875189758797e-258
4.470270270270270174e+01 2.489000046449226939e-259
4.480180180180180116e+01 7.984986788281419138e-261
4.490090090090090058e+01 2.536612938319998147e-262
4.500000000000000000e+01 7.979302461200448938e-264
4.509909909909909942e+01 2.485457798641058871e-265
4.519819819819819884e+01 7.666173067802707212e-267
4.529729729729729826e+01 2.341432400602096218e-268
4.539639639639639768e+01 7.081339640114903023e-270
4.549549549549549710e+01 2.120703927248315839e-271
4.559459459459459651e+01 6.288911587598629422e-273
4.569369369369369593e+01 1.846723129488110698e-274
4.579279279279279535e+01 5.369810458456865630e-276
4.589189189189189477e+01 1.546133572142032656e-277
4.599099099099099419e+01 4.408247481142279599e-279
4.609009009009009361e+01 1.244560023266531835e-280
4.618918918918919303e+01 3.479338350681249843e-282
4.628828828828828534e+01 9.631821754674066231e-284
4.638738738738738476e+01 2.640287275371305685e-285
4.648648648648648418e+01 7.166793945410508487e-287
4.658558558558558360e+01 1.926325440154252687e-288
4.668468468468468302e+01 5.127024889168882421e-290
4.678378378378378244e+01 1.351239186094865062e-291
4.688288288288288186e+01 3.526387988844077401e-293
4.698198198198198128e+01 9.112950871492965271e-295
4.708108108108108070e+01 2.331949030561007423e-296
4.718018018018018012e+01 5.908948221197060414e-298
4.727927927927927954e+01 1.482628816311473402e-299
4.737837837837837895e+01 3.683713342726508218e-301
4.747747747747747837e+01 9.062966430246529963e-303
4.757657657657657779e+01 2.207933989951595907e-304
4.767567567567567721e+01 5.326390272030317607e-306
4.777477477477477663e+01 1.272363157229099873e-307
4.787387387387387605e+01 3.009680554082064531e-309
4.797297297297297547e+01 7.049542798262233986e-311
4.807207207207207489e+01 1.635056440624353100e-312
4.817117117117117431e+01 3.755223841534905440e-314
4.827027027027027373e+01 8.540219843182772077e-316
4.836936936936937315e+01 1.923427203198723271e-317
4.846846846846846546e+01 4.306226762587720754e-319
4.856756756756756488e+01 9.298315454732259961e-321
4.866666666666666430e+01 0.000000000000000000e+00
4.876576576576576372e+01 0.000000000000000000e+00
4.886486486486486314e+01 0.000000000000000000e+00
4.896396396396396256e+01 0.000000000000000000e+00
4.906306306306306197e+01 0.000000000000000000e+00
4.916216216216216139e+01 0.000000000000000000e+00
4.926126126126126081e+01 0.000000000000000000e+00
4.936036036036036023e+01 0.000000000000000000e+00
4.945945945945945965e+01 0.000000000000000000e+00
4.955855855855855907e+01 0.000000000000000000e+00
4.965765765765765849e+01 0.000000000000000000e+00
4.975675675675675791e+01 0.000000000000000000e+00
4.985585585585585733e+01 0.000000000000000000e+00
4.995495495495495675e+01 0.000000000000000000e+00
5.005405405405405617e+01 0.000000000000000000e+00
5.015315315315315559e+01 0.000000000000000000e+00
5.025225225225225500e+01 0.000000000000000000e+00
5.035135135135135442e+01 0.000000000000000000e+00
5.045045045045045384e+01 0.000000000000000000e+00
5.054954954954955326e+01 0.000000000000000000e+00
5.064864864864864558e+01 0.000000000000000000e+00
5.074774774774774500e+01 0.000000000000000000e+00
5.084684684684684441e+01 0.000000000000000000e+00
5.094594594594594383e+01 0.000000000000000000e+00
5.104504504504504325e+01 0.000000000000000000e+00
5.114414414414414267e+01 0.000000000000000000e+00
5.124324324324324209e+01 0.000000000000000000e+00
5.134234234234234151e+01 0.000000000000000000e+00
5.144144144144144093e+01 0.000000000000000000e+00
5.154054054054054035e+01 0.000000000000000000e+00
5.163963963963963977e+01 0.000000000000000000e+00
5.173873873873873919e+01 0.000000000000000000e+00
5.183783783783783861e+01 0.000000000000000000e+00
5.193693693693693803e+01 0.000000000000000000e+00
5.203603603603603744e+01 0.000000000000000000e+00
5.213513513513513686e+01 0.000000000000000000e+00
5.223423423423423628e+01 0.000000000000000000e+00
5.233333333333333570e+01 0.000000000000000000e+00
5.243243243243243512e+01 0.000000000000000000e+00
5.253153153153153454e+01 0.000000000000000000e+00
5.263063063063063396e+01 0.000000000000000000e+00
5.272972972972973338e+01 0.000000000000000000e+00
5.282882882882883280e+01 0.000000000000000000e+00
5.292792792792792511e+01 0.000000000000000000e+00
5.302702702702702453e+01 0.000000000000000000e+00
5.312612612612612395e+01 0.000000000000000000e+00
5.322522522522522337e+01 0.000000000000000000e+00
5.332432432432432279e+01 0.000000000000000000e+00
5.342342342342342221e+01 0.000000000000000000e+00
5.352252252252252163e+01 0.000000000000000000e+00
5.362162162162162105e+01 0.000000000000000000e+00
5.372072072072072046e+01 0.000000000000000000e+00
5.381981981981981988e+01 0.000000000000000000e+00
5.391891891891891930e+01 0.000000000000000000e+00
5.401801801801801872e+01 0.000000000000000000e+00
5.411711711711711814e+01 0.000000000000000000e+00
5.421621621621621756e+01 0.000000000000000000e+00
5.431531531531531698e+01 0.000000000000000000e+00
5.441441441441441640e+01 0.000000000000000000e+00
5.451351351351351582e+01 0.000000000000000000e+00
5.461261261261261524e+01 0.000000000000000000e+00
5.471171171171171466e+01 0.000000000000000000e+00
5.481081081081081408e+01 0.000000000000000000e+00
5.490990990990991349e+01 0.000000000000000000e+00
5.500900900900901291e+01 0.000000000000000000e+00
5.510810810810810523e+01 0.000000000000000000e+00
5.520720720720720465e+01 0.000000000000000000e+00
5.530630630630630407e+01 0.000000000000000000e+00
5.540540540540540349e+01 0.000000000000000000e+00
5.550450450450450290e+01 0.000000000000000000e+00
5.560360360360360232e+01 0.000000000000000000e+00
5.570270270270270174e+01 0.000000000000000000e+00
5.580180180180180116e+01 0.000000000000000000e+00
5.590090090090090058e+01 0.000000000000000000e+00
5.600000000000000000e+01 0.000000000000000000e+00
5.609909909909909942e+01 0.000000000000000000e+00
5.619819819819819884e+01 0.000000000000000000e+00
5.629729729729729826e+01 0.000000000000000000e+00
5.639639639639639768e+01 0.000000000000000000e+00
5.649549549549549710e+01 0.000000000000000000e+00
5.659459459459459651e+01 0.000000000000000000e+00
5.669369369369369593e+01 0.000000000000000000e+00
5.679279279279279535e+01 0.000000000000000000e+00
5.689189189189189477e+01 0.000000000000000000e+00
5.699099099099099419e+01 0.000000000000000000e+00
5.709009009009009361e+01 0.000000000000000000e+00
5.718918918918919303e+01 0.000000000000000000e+00
5.728828828828828534e+01 0.000000000000000000e+00
5.738738738738738476e+01 0.000000000000000000e+00
5.748648648648648418e+01 0.000000000000000000e+00
5.758558558558558360e+01 0.000000000000000000e+00
5.768468468468468302e+01 0.000000000000000000e+00
5.778378378378378244e+01 0.000000000000000000e+00
5.788288288288288186e+01 0.000000000000000000e+00
5.798198198198198128e+01 0.000000000000000000e+00
5.808108108108108070e+01 0.000000000000000000e+00
5.818018018018018012e+01 0.000000000000000000e+00
5.827927927927927954e+01 0.000000000000000000e+00
5.837837837837837895e+01 0.000000000000000000e+00
5.847747747747747837e+01 0.000000000000000000e+00
5.857657657657657779e+01 0.000000000000000000e+00
5.867567567567567721e+01 0.000000000000000000e+00
5.877477477477477663e+01 0.000000000000000000e+00
5.887387387387387605e+01 0.000000000000000000e+00
5.897297297297297547e+01 0.000000000000000000e+00
5.907207207207207489e+01 0.000000000000000000e+00
5.917117117117117431e+01 0.000000000000000000e+00
5.927027027027027373e+01 0.000000000000000000e+00
5.936936936936937315e+01 0.000000000000000000e+00
5.946846846846846546e+01 0.000000000000000000e+00
5.956756756756756488e+01 0.000000000000000000e+00
5.966666666666666430e+01 0.000000000000000000e+00
5.976576576576576372e+01 0.000000000000000000e+00
5.986486486486486314e+01 0.000000000000000000e+00
5.996396396396396256e+01 0.000000000000000000e+00
6.006306306306306197e+01 0.000000000000000000e+00
6.016216216216216139e+01 0.000000000000000000e+00
6.026126126126126081e+01 0.000000000000000000e+00
6.036036036036036023e+01 0.000000000000000000e+00
6.045945945945945965e+01 0.000000000000000000e+00
6.055855855855855907e+01 0.000000000000000000e+00
6.065765765765765849e+01 0.000000000000000000e+00
6.075675675675675791e+01 0.000000000000000000e+00
6.085585585585585733e+01 0.000000000000000000e+00
6.095495495495495675e+01 0.000000000000000000e+00
6.105405405405405617e+01 0.000000000000000000e+00
6.115315315315315559e+01 0.000000000000000000e+00
6.125225225225225500e+01 0.000000000000000000e+00
6.135135135135135442e+01 0.000000000000000000e+00
6.145045045045045384e+01 0.000000000000000000e+00
6.154954954954955326e+01 0.000000000000000000e+00
6.164864864864865268e+01 0.000000000000000000e+00
6.174774774774774500e+01 0.000000000000000000e+00
6.184684684684684441e+01 0.000000000000000000e+00
6.194594594594594383e+01 0.000000000000000000e+00
6.204504504504504325e+01 0.000000000000000000e+00
6.214414414414414267e+01 0.000000000000000000e+00
6.224324324324324209e+01 0.000000000000000000e+00
6.234234234234234151e+01 0.000000000000000000e+00
6.244144144144144093e+01 0.000000000000000000e+00
6.254054054054054035e+01 0.000000000000000000e+00
6.263963963963963977e+01 0.000000000000000000e+00
6.273873873873873919e+01 0.000000000000000000e+00
6.283783783783783861e+01 0.000000000000000000e+00
6.293693693693693803e+01 0.000000000000000000e+00
6.303603603603603744e+01 0.000000000000000000e+00
6.313513513513513686e+01 0.000000000000000000e+00
6.323423423423423628e+01 0.000000000000000000e+00
6.333333333333333570e+01 0.000000000000000000e+00
6.343243243243243512e+01 0.000000000000000000e+00
6.353153153153153454e+01 0.000000000000000000e+00
6.363063063063063396e+01 0.000000000000000000e+00
6.372972972972973338e+01 0.000000000000000000e+00
6.382882882882883280e+01 0.000000000000000000e+00
6.392792792792792511e+01 0.000000000000000000e+00
6.402702702702703164e+01 0.000000000000000000e+00
6.412612612612612395e+01 0.000000000000000000e+00
6.422522522522521626e+01 0.000000000000000000e+00
6.432432432432432279e+01 0.000000000000000000e+00
6.442342342342342931e+01 0.000000000000000000e+00
6.452252252252252163e+01 0.000000000000000000e+00
6.462162162162161394e+01 0.000000000000000000e+00
6.472072072072072046e+01 0.000000000000000000e+00
6.481981981981982699e+01 0.000000000000000000e+00
6.491891891891891930e+01 0.000000000000000000e+00
6.501801801801801162e+01 0.000000000000000000e+00
6.511711711711711814e+01 0.000000000000000000e+00
6.521621621621621046e+01 0.000000000000000000e+00
6.531531531531531698e+01 0.000000000000000000e+00
6.541441441441440929e+01 0.000000000000000000e+00
6.551351351351351582e+01 0.000000000000000000e+00
6.561261261261260813e+01 0.000000000000000000e+00
6.571171171171171466e+01 0.000000000000000000e+00
6.581081081081080697e+01 0.000000000000000000e+00
6.590990990990991349e+01 0.000000000000000000e+00
6.600900900900900581e+01 0.000000000000000000e+00
6.610810810810811233e+01 0.000000000000000000e+00
6.620720720720720465e+01 0.000000000000000000e+00
6.630630630630631117e+01 0.000000000000000000e+00
6.640540540540540349e+01 0.000000000000000000e+00
6.650450450450451001e+01 0.000000000000000000e+00
6.660360360360360232e+01 0.000000000000000000e+00
6.670270270270270885e+01 0.000000000000000000e+00
6.680180180180180116e+01 0.000000000000000000e+00
6.690090090090090769e+01 0.000000000000000000e+00
6.700000000000000000e+01 0.000000000000000000e+00
6.709909909909910652e+01 0.000000000000000000e+00
6.719819819819819884e+01 0.000000000000000000e+00
6.729729729729729115e+01 0.000000000000000000e+00
6.739639639639639768e+01 0.000000000000000000e+00
6.749549549549548999e+01 0.000000000000000000e+00
6.759459459459459651e+01 0.000000000000000000e+00
6.769369369369368883e+01 0.000000000000000000e+00
6.779279279279279535e+01 0.000000000000000000e+00
6.789189189189188767e+01 0.000000000000000000e+00
6.799099099099099419e+01 0.000000000000000000e+00
6.809009009009008651e+01 0.000000000000000000e+00
6.818918918918919303e+01 0.000000000000000000e+00
6.828828828828828534e+01 0.000000000000000000e+00
6.838738738738739187e+01 0.000000000000000000e+00
6.848648648648648418e+01 0.000000000000000000e+00
6.858558558558559071e+01 0.000000000000000000e+00
6.868468468468468302e+01 0.000000000000000000e+00
6.878378378378378954e+01 0.000000000000000000e+00
6.888288288288288186e+01 0.000000000000000000e+00
6.898198198198198838e+01 0.000000000000000000e+00
6.908108108108108070e+01 0.000000000000000000e+00
6.918018018018018722e+01 0.000000000000000000e+00
6.927927927927927954e+01 0.000000000000000000e+00
6.937837837837838606e+01 0.000000000000000000e+00
6.947747747747747837e+01 0.000000000000000000e+00
6.957657657657657069e+01 0.000000000000000000e+00
6.967567567567567721e+01 0.000000000000000000e+00
6.977477477477476953e+01 0.000000000000000000e+00
6.987387387387387605e+01 0.000000000000000000e+00
6.997297297297296836e+01 0.000000000000000000e+00
7.007207207207207489e+01 0.000000000000000000e+00
7.017117117117116720e+01 0.000000000000000000e+00
7.027027027027027373e+01 0.000000000000000000e+00
7.036936936936936604e+01 0.000000000000000000e+00
7.046846846846847257e+01 0.000000000000000000e+00
7.056756756756756488e+01 0.000000000000000000e+00
7.066666666666667140e+01 0.000000000000000000e+00
7.076576576576576372e+01 0.000000000000000000e+00
7.086486486486487024e+01 0.000000000000000000e+00
7.096396396396396256e+01 0.000000000000000000e+00
7.106306306306306908e+01 0.000000000000000000e+00
7.116216216216216139e+01 0.000000000000000000e+00
7.126126126126126792e+01 0.000000000000000000e+00
7.136036036036036023e+01 0.000000000000000000e+00
7.145945945945946676e+01 0.000000000000000000e+00
7.155855855855855907e+01 0.000000000000000000e+00
7.165765765765765138e+01 0.000000000000000000e+00
7.175675675675675791e+01 0.000000000000000000e+00
7.185585585585585022e+01 0.000000000000000000e+00
7.195495495495495675e+01 0.000000000000000000e+00
7.205405405405404906e+01 0.000000000000000000e+00
7.215315315315315559e+01 0.000000000000000000e+00
7.225225225225224790e+01 0.000000000000000000e+00
7.235135135135135442e+01 0.000000000000000000e+00
7.245045045045044674e+01 0.000000000000000000e+00
7.254954954954955326e+01 0.000000000000000000e+00
7.264864864864864558e+01 0.000000000000000000e+00
7.274774774774775210e+01 0.000000000000000000e+00
7.284684684684684441e+01 0.000000000000000000e+00
7.294594594594595094e+01 0.000000000000000000e+00
7.304504504504504325e+01 0.000000000000000000e+00
7.314414414414414978e+01 0.000000000000000000e+00
7.324324324324324209e+01 0.000000000000000000e+00
7.334234234234234862e+01 0.000000000000000000e+00
7.344144144144144093e+01 0.000000000000000000e+00
7.354054054054054745e+01 0.000000000000000000e+00
7.363963963963963977e+01 0.000000000000000000e+00
7.373873873873874629e+01 0.000000000000000000e+00
7.383783783783783861e+01 0.000000000000000000e+00
7.393693693693693092e+01 0.000000000000000000e+00
7.403603603603603744e+01 0.000000000000000000e+00
7.413513513513512976e+01 0.000000000000000000e+00
7.423423423423423628e+01 0.000000000000000000e+00
7.433333333333332860e+01 0.000000000000000000e+00
7.443243243243243512e+01 0.000000000000000000e+00
7.453153153153152743e+01 0.000000000000000000e+00
7.463063063063063396e+01 0.000000000000000000e+00
7.472972972972972627e+01 0.000000000000000000e+00
7.482882882882883280e+01 0.000000000000000000e+00
7.492792792792792511e+01 0.000000000000000000e+00
7.502702702702703164e+01 0.000000000000000000e+00
7.512612612612612395e+01 0.000000000000000000e+00
7.522522522522523047e+01 0.000000000000000000e+00
7.532432432432432279e+01 0.000000000000000000e+00
7.542342342342342931e+01 0.000000000000000000e+00
7.552252252252252163e+01 0.000000000000000000e+00
7.562162162162162815e+01 0.000000000000000000e+00
7.572072072072072046e+01 0.000000000000000000e+00
7.581981981981982699e+01 0.000000000000000000e+00
7.591891891891891930e+01 0.000000000000000000e+00
7.601801801801801162e+01 0.000000000000000000e+00
7.611711711711711814e+01 0.000000000000000000e+00
7.621621621621621046e+01 0.000000000000000000e+00
7.631531531531531698e+01 0.000000000000000000e+00
7.641441441441440929e+01 0.000000000000000000e+00
7.651351351351351582e+01 0.000000000000000000e+00
7.661261261261260813e+01 0.000000000000000000e+00
7.671171171171171466e+01 0.000000000000000000e+00
7.681081081081080697e+01 0.000000000000000000e+00
7.690990990990991349e+01 0.000000000000000000e+00
7.700900900900900581e+01 0.000000000000000000e+00
7.710810810810811233e+01 0.000000000000000000e+00
7.720720720720720465e+01 0.000000000000000000e+00
7.730630630630631117e+01 0.000000000000000000e+00
7.740540540540540349e+01 0.000000000000000000e+00
7.750450450450451001e+01 0.000000000000000000e+00
7.760360360360360232e+01 0.000000000000000000e+00
7.770270270270270885e+01 0.000000000000000000e+00
7.780180180180180116e+01 0.000000000000000000e+00
7.790090090090090769e+01 0.000000000000000000e+00
7.800000000000000000e+01 0.000000000000000000e+00
7.809909909909910652e+01 0.000000000000000000e+00
7.819819819819819884e+01 0.000000000000000000e+00
7.829729729729729115e+01 0.000000000000000000e+00
7.839639639639639768e+01 0.000000000000000000e+00
7.849549549549548999e+01 0.000000000000000000e+00
7.859459459459459651e+01 0.000000000000000000e+00
7.869369369369368883e+01 0.000000000000000000e+00
7.879279279279279535e+01 0.000000000000000000e+00
7.889189189189188767e+01 0.000000000000000000e+00
7.899099099099099419e+01 0.000000000000000000e+00
7.909009009009008651e+01 0.000000000000000000e+00
7.918918918918919303e+01 0.000000000000000000e+00
7.928828828828828534e+01 0.000000000000000000e+00
7.938738738738739187e+01 0.000000000000000000e+00
7.948648648648648418e+01 0.000000000000000000e+00
7.958558558558559071e+01 0.000000000000000000e+00
7.968468468468468302e+01 0.000000000000000000e+00
7.978378378378378954e+01 0.000000000000000000e+00
7.988288288288288186e+01 0.000000000000000000e+00
7.998198198198198838e+01 0.000000000000000000e+00
8.008108108108108070e+01 0.000000000000000000e+00
8.018018018018018722e+01 0.000000000000000000e+00
8.027927927927927954e+01 0.000000000000000000e+00
8.037837837837838606e+01 0.000000000000000000e+00
8.047747747747747837e+01 0.000000000000000000e+00
8.057657657657657069e+01 0.000000000000000000e+00
8.067567567567567721e+01 0.000000000000000000e+00
8.077477477477476953e+01 0.000000000000000000e+00
8.087387387387387605e+01 0.000000000000000000e+00
8.097297297297296836e+01 0.000000000000000000e+00
8.107207207207207489e+01 0.000000000000000000e+00
8.117117117117116720e+01 0.000000000000000000e+00
8.127027027027027373e+01 0.000000000000000000e+00
8.136936936936936604e+01 0.000000000000000000e+00
8.146846846846847257e+01 0.000000000000000000e+00
8.156756756756756488e+01 0.000000000000000000e+00
8.166666666666667140e+01 0.000000000000000000e+00
8.176576576576576372e+01 0.000000000000000000e+00
8.186486486486487024e+01 0.000000000000000000e+00
8.196396396396396256e+01 0.000000000000000000e+00
8.206306306306306908e+01 0.000000000000000000e+00
8.216216216216216139e+01 0.000000000000000000e+00
8.226126126126126792e+01 0.000000000000000000e+00
8.236036036036036023e+01 0.000000000000000000e+00
8.245945945945946676e+01 0.000000000000000000e+00
8.255855855855855907e+01 0.000000000000000000e+00
8.265765765765765138e+01 0.000000000000000000e+00
8.275675675675675791e+01 0.000000000000000000e+00
8.285585585585585022e+01 0.000000000000000000e+00
8.295495495495495675e+01 0.000000000000000000e+00
8.305405405405404906e+01 0.000000000000000000e+00
8.315315315315315559e+01 0.000000000000000000e+00
8.325225225225224790e+01 0.000000000000000000e+00
8.335135135135135442e+01 0.000000000000000000e+00
8.345045045045044674e+01 0.000000000000000000e+00
8.354954954954955326e+01 0.000000000000000000e+00
8.364864864864864558e+01 0.000000000000000000e+00
8.374774774774775210e+01 0.000000000000000000e+00
8.384684684684684441e+01 0.000000000000000000e+00
8.394594594594595094e+01 0.000000000000000000e+00
8.404504504504504325e+01 0.000000000000000000e+00
8.414414414414414978e+01 0.000000000000000000e+00
8.424324324324324209e+01 0.000000000000000000e+00
8.434234234234234862e+01 0.000000000000000000e+00
8.444144144144144093e+01 0.000000000000000000e+00
8.454054054054054745e+01 0.000000000000000000e+00
8.463963963963963977e+01 0.000000000000000000e+00
8.473873873873874629e+01 0.000000000000000000e+00
8.483783783783783861e+01 0.000000000000000000e+00
8.493693693693693092e+01 0.000000000000000000e+00
8.503603603603603744e+01 0.000000000000000000e+00
8.513513513513512976e+01 0.000000000000000000e+00
8.523423423423423628e+01 0.000000000000000000e+00
8.533333333333332860e+01 0.000000000000000000e+00
8.543243243243243512e+01 0.000000000000000000e+00
8.553153153153152743e+01 0.000000000000000000e+00
8.563063063063063396e+01 0.000000000000000000e+00
8.572972972972972627e+01 0.000000000000000000e+00
8.582882882882883280e+01 0.000000000000000000e+00
8.592792792792792511e+01 0.000000000000000000e+00
8.602702702702703164e+01 0.000000000000000000e+00
8.612612612612612395e+01 0.000000000000000000e+00
8.622522522522523047e+01 0.000000000000000000e+00
8.632432432432432279e+01 0.000000000000000000e+00
8.642342342342342931e+01 0.000000000000000000e+00
8.652252252252252163e+01 0.000000000000000000e+00
8.662162162162162815e+01 0.000000000000000000e+00
8.672072072072072046e+01 0.000000000000000000e+00
8.681981981981982699e+01 0.000000000000000000e+00
8.691891891891891930e+01 0.000000000000000000e+00
8.701801801801802583e+01 0.000000000000000000e+00
8.711711711711711814e+01 0.000000000000000000e+00
8.721621621621621046e+01 0.000000000000000000e+00
8.731531531531531698e+01 0.000000000000000000e+00
8.741441441441440929e+01 0.000000000000000000e+00
8.751351351351351582e+01 0.000000000000000000e+00
8.761261261261260813e+01 0.000000000000000000e+00
8.771171171171171466e+01 0.000000000000000000e+00
8.781081081081080697e+01 0.000000000000000000e+00
8.790990990990991349e+01 0.000000000000000000e+00
8.800900900900900581e+01 0.000000000000000000e+00
8.810810810810811233e+01 0.000000000000000000e+00
8.820720720720720465e+01 0.000000000000000000e+00
8.830630630630631117e+01 0.000000000000000000e+00
8.840540540540540349e+01 0.000000000000000000e+00
8.850450450450451001e+01 0.000000000000000000e+00
8.860360360360360232e+01 0.000000000000000000e+00
8.870270270270270885e+01 0.000000000000000000e+00
8.880180180180180116e+01 0.000000000000000000e+00
8.890090090090090769e+01 0.000000000000000000e+00
8.900000000000000000e+01 0.000000000000000000e+00
8.909909909909910652e+01 0.000000000000000000e+00
8.919819819819819884e+01 0.000000000000000000e+00
8.929729729729729115e+01 0.000000000000000000e+00
8.939639639639639768e+01 0.000000000000000000e+00
8.949549549549548999e+01 0.000000000000000000e+00
8.959459459459459651e+01 0.000000000000000000e+00
8.969369369369368883e+01 0.000000000000000000e+00
8.979279279279279535e+01 0.000000000000000000e+00
8.989189189189188767e+01 0.000000000000000000e+00
8.999099099099099419e+01 0.000000000000000000e+00
9.009009009009008651e+01 0.000000000000000000e+00
9.018918918918919303e+01 0.000000000000000000e+00
9.028828828828828534e+01 0.000000000000000000e+00
9.038738738738739187e+01 0.000000000000000000e+00
9.048648648648648418e+01 0.000000000000000000e+00
9.058558558558559071e+01 0.000000000000000000e+00
9.068468468468468302e+01 0.000000000000000000e+00
9.078378378378378954e+01 0.000000000000000000e+00
9.088288288288288186e+01 0.000000000000000000e+00
9.098198198198198838e+01 0.000000000000000000e+00
9.108108108108108070e+01 0.000000000000000000e+00
9.118018018018018722e+01 0.000000000000000000e+00
9.127927927927927954e+01 0.000000000000000000e+00
9.137837837837838606e+01 0.000000000000000000e+00
9.147747747747747837e+01 0.000000000000000000e+00
9.157657657657657069e+01 0.000000000000000000e+00
9.167567567567567721e+01 0.000000000000000000e+00
9.177477477477476953e+01 0.000000000000000000e+00
9.187387387387387605e+01 0.000000000000000000e+00
9.197297297297296836e+01 0.000000000000000000e+00
9.207207207207207489e+01 0.000000000000000000e+00
9.217117117117116720e+01 0.000000000000000000e+00
9.227027027027027373e+01 0.000000000000000000e+00
9.236936936936936604e+01 0.000000000000000000e+00
9.246846846846847257e+01 0.000000000000000000e+00
9.256756756756756488e+01 0.000000000000000000e+00
9.266666666666667140e+01 0.000000000000000000e+00
9.276576576576576372e+01 0.000000000000000000e+00
9.286486486486487024e+01 0.000000000000000000e+00
9.296396396396396256e+01 0.000000000000000000e+00
9.306306306306306908e+01 0.000000000000000000e+00
9.316216216216216139e+01 0.000000000000000000e+00
9.326126126126126792e+01 0.000000000000000000e+00
9.336036036036036023e+01 0.000000000000000000e+00
9.345945945945946676e+01 0.000000000000000000e+00
9.355855855855855907e+01 0.000000000000000000e+00
9.365765765765765138e+01 0.000000000000000000e+00
9.375675675675675791e+01 0.000000000000000000e+00
9.385585585585585022e+01 0.000000000000000000e+00
9.395495495495495675e+01 0.000000000000000000e+00
9.405405405405404906e+01 0.000000000000000000e+00
9.415315315315315559e+01 0.000000000000000000e+00
9.425225225225224790e+01 0.000000000000000000e+00
9.435135135135135442e+01 0.000000000000000000e+00
9.445045045045044674e+01 0.000000000000000000e+00
9.454954954954955326e+01 0.000000000000000000e+00
9.464864864864864558e+01 0.000000000000000000e+00
9.474774774774775210e+01 0.000000000000000000e+00
9.484684684684684441e+01 0.000000000000000000e+00
9.494594594594595094e+01 0.000000000000000000e+00
9.504504504504504325e+01 0.000000000000000000e+00
9.514414414414414978e+01 0.000000000000000000e+00
9.524324324324324209e+01 0.000000000000000000e+00
9.534234234234234862e+01 0.000000000000000000e+00
9.544144144144144093e+01 0.000000000000000000e+00
9.554054054054054745e+01 0.000000000000000000e+00
9.563963963963963977e+01 0.000000000000000000e+00
9.573873873873874629e+01 0.000000000000000000e+00
9.583783783783783861e+01 0.000000000000000000e+00
9.593693693693693092e+01 0.000000000000000000e+00
9.603603603603603744e+01 0.000000000000000000e+00
9.613513513513512976e+01 0.000000000000000000e+00
9.623423423423423628e+01 0.000000000000000000e+00
9.633333333333332860e+01 0.000000000000000000e+00
9.643243243243243512e+01 0.000000000000000000e+00
9.653153153153152743e+01 0.000000000000000000e+00
9.663063063063063396e+01 0.000000000000000000e+00
9.672972972972972627e+01 0.000000000000000000e+00
9.682882882882883280e+01 0.000000000000000000e+00
9.692792792792792511e+01 0.000000000000000000e+00
9.702702702702703164e+01 0.000000000000000000e+00
9.712612612612612395e+01 0.000000000000000000e+00
9.722522522522523047e+01 0.000000000000000000e+00
9.732432432432432279e+01 0.000000000000000000e+00
9.742342342342342931e+01 0.000000000000000000e+00
9.752252252252252163e+01 0.000000000000000000e+00
9.762162162162162815e+01 0.000000000000000000e+00
9.772072072072072046e+01 0.000000000000000000e+00
9.781981981981982699e+01 0.000000000000000000e+00
9.791891891891891930e+01 0.000000000000000000e+00
9.801801801801802583e+01 0.000000000000000000e+00
9.811711711711711814e+01 0.000000000000000000e+00
9.821621621621621046e+01 0.000000000000000000e+00
9.831531531531531698e+01 0.000000000000000000e+00
9.841441441441440929e+01 0.000000000000000000e+00
9.851351351351351582e+01 0.000000000000000000e+00
9.861261261261260813e+01 0.000000000000000000e+00
9.871171171171171466e+01 0.000000000000000000e+00
9.881081081081080697e+01 0.000000000000000000e+00
9.890990990990991349e+01 0.000000000000000000e+00
9.900900900900900581e+01 0.000000000000000000e+00
9.910810810810811233e+01 0.000000000000000000e+00
9.920720720720720465e+01 0.000000000000000000e+00
9.930630630630631117e+01 0.000000000000000000e+00
9.940540540540540349e+01 0.000000000000000000e+00
9.950450450450451001e+01 0.000000000000000000e+00
9.960360360360360232e+01 0.000000000000000000e+00
9.970270270270270885e+01 0.000000000000000000e+00
9.980180180180180116e+01 0.000000000000000000e+00
9.990090090090090769e+01 0.000000000000000000e+00
1.000000000000000000e+02 0.000000000000000000e+00
