1.799999999999999656e-01 6.531711332481751473e-17
1.886603641478434290e-01 7.173470649994504321e-17
1.977374055577604817e-01 7.865169488419740976e-17
2.072511718787604651e-01 8.608330248113003547e-17
2.172226753150791057e-01 9.404064958347555220e-17
2.276739390339532765e-01 1.025297802703463194e-16
2.386280458062196297e-01 1.115506053089664186e-16
2.501091889871647211e-01 1.210957722712253898e-16
2.621427259502238094e-01 1.311494803916015394e-16
2.747552340915419555e-01 1.416862642573048105e-16
2.879745695290904517e-01 1.526697777560680112e-16
3.018299286259814584e-01 1.640516176620225666e-16
3.163519124738625177e-01 1.757702345780813702e-16
3.315725944788088242e-01 1.877499873344772568e-16
3.475255911989849622e-01 1.999004049134238026e-16
3.642461365905281800e-01 2.121157269532834636e-16
3.817711598256342542e-01 2.242747991841477922e-16
4.001393668547150173e-01 2.362414029505061497e-16
4.193913258927668974e-01 2.478650973876161812e-16
4.395695570187571066e-01 2.589826478902667819e-16
4.607186260859163496e-01 2.694201043115080160e-16
4.828852431503505294e-01 2.789955760126789919e-16
5.061183656353613891e-01 2.875227278068451373e-16
5.304693064593257734e-01 2.948149906622612442e-16
5.559918473659465343e-01 3.006904438752421014e-16
5.827423577071758620e-01 3.049772819820120623e-16
6.107799189411589058e-01 3.075197313665769422e-16
6.401664551201630138e-01 3.081842305539900328e-16
6.709668696566890578e-01 3.068656376263991743e-16
7.032491886698309935e-01 3.034931819567514268e-16
7.370847112284762970e-01 2.980358401080286012e-16
7.725481668231798382e-01 2.905067923215867280e-16
8.097178804144999908e-01 2.809666116018151775e-16
8.486759454223307131e-01 2.695248566275150095e-16
8.895084050382900953e-01 2.563397861399825780e-16
9.323054422616177117e-01 2.416159878842283632e-16
9.771615790782945954e-01 2.255998189964433424e-16
1.024175885223293170e+00 2.085726833576270593e-16
1.073452196987035423e+00 1.908423179682992524e-16
1.125099346549314649e+00 1.727324146475974507e-16
1.179231402347191260e+00 1.545710522522451405e-16
1.235967921007739889e+00 1.366785431788580981e-16
1.295434211402073377e+00 1.193553907069311405e-16
1.357761611403830893e+00 1.028710966997245440e-16
1.423087777963385481e+00 8.745454169889918240e-17
1.491556991138431432e+00 7.328657638782767342e-17
1.563320472752434354e+00 6.049531669619385565e-17
1.638536720384738965e+00 4.915443433442136880e-17
1.717371857429988768e+00 3.928449782803782156e-17
1.800000000000000044e+00 3.085716995455941340e-17
