1.000000000000000021e-08 7.002927698051839533e-32
2.930597513071399850e-08 6.014398783325718281e-31
8.588401783620255777e-08 5.165415151601596098e-30
2.516914890833549778e-07 4.436285771973933887e-29
7.376064519689174305e-07 3.810110051404267761e-28
2.161627633765524188e-06 3.272400403033201842e-27
6.334860567699659280e-06 2.810783065263062814e-26
1.856492662535469784e-05 2.414803975305871639e-25
5.440632779861749439e-05 2.075919929643392070e-24
1.594430489419754703e-04 1.787886648603195080e-23
4.672634027058748200e-04 1.548075198141919131e-22
1.369360965919116848e-03 1.360983884524503184e-21
4.013045841219605066e-03 1.246571038510057114e-20
1.176062216211969970e-02 1.256019021300219556e-19
3.446565006048037810e-02 1.476166170919674244e-18
1.010049483536327453e-01 1.863326456420577779e-17
