1.000000000000000000e+00 2.173361919745704601e-16
1.165914401179831694e+00 1.589476707584205869e-16
1.359356390878525556e+00 1.024721226774283678e-16
1.584893192461113598e+00 5.703606596981280690e-17
1.847849797422290941e+00 2.675492935282421107e-17
2.154434690031883814e+00 1.028526245952469104e-17
2.511886431509580131e+00 3.136897835532018491e-18
2.928644564625236590e+00 7.310503732471700027e-19
3.414548873833601395e+00 1.246460177732790304e-19
3.981071705534972249e+00 1.478645327001080061e-20
4.641588833612778409e+00 1.151553337618401203e-21
5.411695265464635973e+00 5.505863356201379712e-23
6.309573444801933384e+00 1.494541823125601151e-24
7.356422544596413537e+00 1.894370992351542804e-26
8.576958985908941457e+00 1.405601326636053761e-28
1.000000000000000000e+01 4.418698040518980714e-31
