1.010049483536327314e-01 1.863326456420577779e-17
1.020408163265306284e-01 1.907345894111194580e-17
1.031092226766262693e-01 1.953293493032850294e-17
1.042119073492194237e-01 2.001294052509399386e-17
1.053507433969747970e-01 2.051483172609380671e-17
1.065277503649690038e-01 2.104008434900715871e-17
1.077451093584593095e-01 2.159030740369052972e-17
1.090051800492368300e-01 2.216725829323041102e-17
1.103105199223936017e-01 2.277286012674901902e-17
1.116639061208883343e-01 2.340922149513092373e-17
1.130683603127319026e-01 2.407865912606339424e-17
1.145271770878440315e-01 2.478372391687496457e-17
1.160439564923809452e-01 2.552723094435065747e-17
1.176226414323867375e-01 2.631229417478593673e-17
1.192675608321740188e-01 2.714236675119437101e-17
1.209834796239568216e-01 2.802128792581916606e-17
1.227756568845175394e-01 2.895333794538263724e-17
1.246499137360570497e-01 2.994330249758924984e-17
1.266127130104400533e-01 3.099654870846896046e-17
1.286712531637446977e-01 3.211911516544748717e-17
1.308335795550931990e-01 3.331781906309773127e-17
1.331087170162505162e-01 3.460038437139208547e-17
1.355068286999272231e-01 3.597559597000486472e-17
1.380394075935581777e-01 3.745348605948696489e-17
1.407195089460583637e-01 3.904556096578157458e-17
1.435620343550535749e-01 4.076507885964974878e-17
1.465840816571597760e-01 4.262739214537633452e-17
1.498053794279949336e-01 4.465037266062275114e-17
1.532488313863358542e-01 4.685494384530967230e-17
1.569412051435861155e-01 4.926575237694001403e-17
1.609140128253687130e-01 5.191202346530069210e-17
1.652046501137724444e-01 5.482866060569406170e-17
1.698578883962495734e-01 5.805767448106253397e-17
1.749278571353298783e-01 6.165006055939787338e-17
1.804807189211083962e-01 6.566829654402433642e-17
1.865983427155189778e-01 7.018970845257707041e-17
1.933834476267448921e-01 7.531107272969360520e-17
2.009669677645352093e-01 8.115500609515988744e-17
2.095188685475280754e-01 8.787898569250739602e-17
2.192645048267573005e-01 9.568830740435726325e-17
2.305102227787870772e-01 1.048550402936359421e-16
2.436850894142896518e-01 1.157462361342623163e-16
2.594123185383093166e-01 1.288664902063379367e-16
2.786391062876764080e-01 1.449222955059592150e-16
3.028912664076913175e-01 1.649161871506290080e-16
3.348247650912125062e-01 1.902629618100936523e-16
3.795948090005617503e-01 2.228029536403364048e-16
4.490132550669372336e-01 2.637989900142235580e-16
5.792844463634923002e-01 3.045277775264116509e-16
1.000000000000000000e+00 2.173361919745704601e-16
