1.000000000000000021e-08 7.002927698051839533e-32
3.045683942881118160e-08 6.496052823869357899e-31
9.276190679923875278e-08 6.025872522198497800e-30
2.825234500494768745e-07 5.589742663663050530e-29
8.604771353030673526e-07 5.185232146788850810e-28
2.620741394208895452e-06 4.810146981186368546e-27
7.981949982785924619e-06 4.462624714498161141e-26
2.431049689545130833e-05 4.141425579845384612e-25
7.404209003793733152e-05 3.846776738181994395e-24
2.255088047259037214e-04 3.582769640157899433e-23
6.868285455319985940e-04 3.364076329218536333e-22
2.091862672639205507e-03 3.234290176613865857e-21
6.371152552769609317e-03 3.312260763360350646e-20
1.940451702761644345e-02 3.878640995152436281e-19
5.910002593037477076e-02 5.308165884258633471e-18
1.799999999999999656e-01 6.531711332481751473e-17
