1.000991472579957631e-01 1.825262270800414722e-17
1.001985900073462249e-01 1.829421569716961742e-17
1.002983297187423489e-01 1.833598136726286588e-17
1.003983678731432405e-01 1.837792075868091828e-17
1.004987059618684814e-01 1.842003492004873663e-17
1.005993454866915549e-01 1.846232490829989262e-17
1.007002879599341733e-01 1.850479178875810380e-17
1.008015349045617987e-01 1.854743663521986062e-17
1.009030878542801490e-01 1.859026053003791315e-17
1.010049483536327314e-01 1.863326456420577779e-17
1.011071179580995266e-01 1.867644983744323014e-17
1.012095982341967709e-01 1.871981745828287625e-17
1.013123907595777917e-01 1.876336854415760835e-17
1.014154971231351204e-01 1.880710422148928085e-17
1.015189189251034935e-01 1.885102562577823370e-17
1.016226577771642686e-01 1.889513390169405764e-17
1.017267153025509380e-01 1.893943020316739784e-17
1.018310931361556537e-01 1.898391569348271292e-17
1.019357929246373640e-01 1.902859154537243901e-17
1.020408163265306006e-01 1.907345894111193347e-17
1.021461650123561549e-01 1.911851907261586695e-17
1.022518406647324601e-01 1.916377314153557063e-17
1.023578449784884742e-01 1.920922235935763154e-17
1.024641796607779903e-01 1.925486794750373894e-17
1.025708464311949619e-01 1.930071113743162457e-17
1.026778470218904227e-01 1.934675317073732803e-17
1.027851831776904618e-01 1.939299529925861460e-17
1.028928566562159336e-01 1.943943878517977661e-17
1.030008692280031252e-01 1.948608490113753805e-17
1.031092226766262693e-01 1.953293493032850294e-17
1.032179187988209734e-01 1.957999016661760526e-17
1.033269594046096196e-01 1.962725191464822280e-17
1.034363463174277631e-01 1.967472148995337881e-17
1.035460813742523495e-01 1.972240021906849677e-17
1.036561664257310972e-01 1.977028943964537842e-17
1.037666033363138229e-01 1.981839050056780271e-17
1.038773939843848637e-01 1.986670476206838816e-17
1.039885402623973443e-01 1.991523359584694971e-17
1.041000440770089852e-01 1.996397838519038096e-17
1.042119073492194237e-01 2.001294052509399386e-17
1.043241320145092133e-01 2.006212142238437153e-17
1.044367200229804893e-01 2.011152249584375557e-17
1.045496733394993272e-01 2.016114517633604811e-17
1.046629939438397244e-01 2.021099090693433300e-17
1.047766838308293313e-01 2.026106114305003643e-17
1.048907450104970135e-01 2.031135735256373605e-17
1.050051795082220241e-01 2.036188101595758173e-17
1.051199893648850636e-01 2.041263362644941122e-17
1.052351766370212827e-01 2.046361669012866221e-17
1.053507433969747831e-01 2.051483172609380055e-17
1.054666917330554510e-01 2.056628026659176679e-17
1.055830237496972468e-01 2.061796385715900978e-17
1.056997415676187851e-01 2.066988405676438751e-17
1.058168473239855800e-01 2.072204243795395398e-17
1.059343431725744966e-01 2.077444058699753010e-17
1.060522312839400905e-01 2.082708010403721607e-17
1.061705138455830144e-01 2.087996260323781725e-17
1.062891930621205488e-01 2.093308971293920523e-17
1.064082711554591165e-01 2.098646307581065114e-17
1.065277503649690038e-01 2.104008434900715871e-17
1.066476329476613166e-01 2.109395520432791132e-17
1.067679211783669896e-01 2.114807732837669736e-17
1.068886173499181275e-01 2.120245242272446177e-17
1.070097237733314832e-01 2.125708220407397460e-17
1.071312427779944065e-01 2.131196840442673366e-17
1.072531767118530127e-01 2.136711277125201183e-17
1.073755279416026276e-01 2.142251706765810153e-17
1.074982988528808692e-01 2.147818307256589186e-17
1.076214918504628804e-01 2.153411258088470442e-17
1.077451093584593095e-01 2.159030740369052972e-17
1.078691538205164974e-01 2.164676936840650679e-17
1.079936277000194678e-01 2.170350031898595124e-17
1.081185334802973880e-01 2.176050211609773146e-17
1.082438736648316663e-01 2.181777663731423313e-17
1.083696507774665890e-01 2.187532577730167203e-17
1.084958673626229414e-01 2.193315144801318612e-17
1.086225259855140568e-01 2.199125557888436219e-17
1.087496292323648778e-01 2.204964011703147718e-17
1.088771797106336953e-01 2.210830702745244821e-17
1.090051800492368300e-01 2.216725829323041102e-17
1.091336328987762561e-01 2.222649591574022594e-17
1.092625409317700275e-01 2.228602191485758454e-17
1.093919068428859664e-01 2.234583832917123482e-17
1.095217333491780576e-01 2.240594721619785022e-17
1.096520231903263809e-01 2.246635065260010350e-17
1.097827791288796540e-01 2.252705073440747075e-17
1.099140039505014932e-01 2.258804957724032331e-17
1.100457004642195064e-01 2.264934931653694409e-17
1.101778715026779654e-01 2.271095210778382566e-17
1.103105199223936017e-01 2.277286012674901902e-17
1.104436486040149684e-01 2.283507556971885036e-17
1.105772604525852160e-01 2.289760065373788891e-17
1.107113583978082266e-01 2.296043761685223961e-17
1.108459453943185374e-01 2.302358871835630563e-17
1.109810244219547604e-01 2.308705623904300205e-17
1.111165984860366107e-01 2.315084248145738393e-17
1.112526706176457797e-01 2.321494977015402756e-17
1.113892438739105817e-01 2.327938045195790925e-17
1.115263213382944874e-01 2.334413689622907432e-17
1.116639061208883343e-01 2.340922149513092373e-17
1.118020013587069095e-01 2.347463666390254063e-17
1.119406102159892780e-01 2.354038484113467146e-17
1.120797358845032343e-01 2.360646848904978700e-17
1.122193815838541386e-01 2.367289009378613697e-17
1.123595505617977497e-01 2.373965216568583224e-17
1.125002460945574989e-01 2.380675723958717317e-17
1.126414714871461220e-01 2.387420787512104879e-17
1.127832300736917870e-01 2.394200665701180088e-17
1.129255252177686075e-01 2.401015619538226971e-17
1.130683603127319026e-01 2.407865912606339424e-17
1.132117387820580912e-01 2.414751811090831127e-17
1.133556640796893195e-01 2.421673583811097817e-17
1.135001396903828896e-01 2.428631502252948877e-17
1.136451691300656569e-01 2.435625840601416247e-17
1.137907559461934504e-01 2.442656875774039731e-17
1.139369037181154759e-01 2.449724887454651509e-17
1.140836160574439234e-01 2.456830158127644741e-17
1.142308966084288058e-01 2.463972973112768195e-17
1.143787490483382518e-01 2.471153620600424686e-17
1.145271770878440315e-01 2.478372391687496457e-17
1.146761844714127565e-01 2.485629580413710434e-17
1.148257749777026188e-01 2.492925483798537194e-17
1.149759524199658461e-01 2.500260401878656927e-17
1.151267206464569454e-01 2.507634637745970516e-17
1.152780835408469956e-01 2.515048497586202876e-17
1.154300450226436459e-01 2.522502290718069895e-17
1.155826090476175932e-01 2.529996329633052745e-17
1.157357796082349455e-01 2.537530930035767834e-17
1.158895607340960782e-01 2.545106410884949362e-17
1.160439564923809452e-01 2.552723094435065747e-17
1.161989709883008287e-01 2.560381306278560959e-17
1.163546083655567498e-01 2.568081375388748840e-17
1.165108728068048466e-01 2.575823634163367466e-17
1.166677685341283299e-01 2.583608418468798811e-17
1.168252998095166834e-01 2.591436067684977112e-17
1.169834709353519409e-01 2.599306924750981340e-17
1.171422862549021671e-01 2.607221336211350571e-17
1.173017501528224593e-01 2.615179652263107193e-17
1.174618670556633049e-01 2.623182226803515338e-17
1.176226414323867375e-01 2.631229417478593673e-17
1.177840777948901269e-01 2.639321585732368058e-17
1.179461806985381417e-01 2.647459096856929078e-17
1.181089547427025127e-01 2.655642320043244861e-17
1.182724045713102051e-01 2.663871628432801262e-17
1.184365348733998902e-01 2.672147399170043552e-17
1.186013503836869237e-01 2.680470013455659969e-17
1.187668558831370402e-01 2.688839856600703733e-17
1.189330561995487895e-01 2.697257318081587751e-17
1.190999562081451468e-01 2.705722791595955066e-17
1.192675608321740188e-01 2.714236675119437101e-17
1.194358750435182831e-01 2.722799370963338181e-17
1.196049038633153067e-01 2.731411285833238655e-17
1.197746523625859288e-01 2.740072830888548350e-17
1.199451256628736723e-01 2.748784421803031923e-17
1.201163289368935294e-01 2.757546478826295327e-17
1.202882674091913379e-01 2.766359426846303353e-17
1.204609463568134670e-01 2.775223695452894017e-17
1.206343711099868848e-01 2.784139719002340670e-17
1.208085470528104804e-01 2.793107936682984297e-17
1.209834796239568216e-01 2.802128792581916606e-17
1.211591743173857233e-01 2.811202735752804815e-17
1.213356366830687927e-01 2.820330220284797722e-17
1.215128723277258405e-01 2.829511705372605521e-17
1.216908869155730183e-01 2.838747655387722233e-17
1.218696861690832384e-01 2.848038539950853615e-17
1.220492758697587499e-01 2.857384834005548695e-17
1.222296618589163719e-01 2.866787017893059592e-17
1.224108500384854387e-01 2.876245577428473370e-17
1.225928463718188727e-01 2.885761003978114705e-17
1.227756568845175394e-01 2.895333794538263724e-17
1.229592876652682437e-01 2.904964451815209359e-17
1.231437448666953677e-01 2.914653484306657335e-17
1.233290347062267200e-01 2.924401406384526046e-17
1.235151634669738180e-01 2.934208738379166706e-17
1.237021374986267130e-01 2.944076006665015148e-17
1.238899632183638327e-01 2.954003743747719053e-17
1.240786471117770184e-01 2.963992488352769549e-17
1.242681957338121757e-01 2.974042785515664935e-17
1.244586157097256895e-01 2.984155186673628081e-17
1.246499137360570497e-01 2.994330249758924984e-17
1.248420965816180450e-01 3.004568539293814031e-17
1.250351710884986811e-01 3.014870626487138939e-17
1.252291441730902510e-01 3.025237089332625754e-17
1.254240228271260582e-01 3.035668512708910413e-17
1.256198141187399031e-01 3.046165488481319674e-17
1.258165251935427220e-01 3.056728615605445470e-17
1.260141632757180719e-01 3.067358500232581719e-17
1.262127356691363778e-01 3.078055755817001390e-17
1.264122497584886928e-01 3.088821003225170603e-17
1.266127130104400533e-01 3.099654870846896046e-17
1.268141329748033452e-01 3.110557994708488920e-17
1.270165172857333769e-01 3.121531018587933088e-17
1.272198736629423232e-01 3.132574594132157256e-17
1.274242099129364592e-01 3.143689380976413052e-17
1.276295339302747911e-01 3.154876046865815068e-17
1.278358536988502547e-01 3.166135267779110673e-17
1.280431772931935608e-01 3.177467728054680819e-17
1.282515128798004944e-01 3.188874120518872308e-17
1.284608687184830011e-01 3.200355146616662734e-17
1.286712531637446699e-01 3.211911516544745636e-17
1.288826746661810574e-01 3.223543949387073437e-17
1.290951417739052143e-01 3.235253173252881609e-17
1.293086631339996073e-01 3.247039925417324692e-17
1.295232474939939649e-01 3.258904952464684135e-17
1.297389037033707115e-01 3.270849010434280447e-17
1.299556407150976589e-01 3.282872864969108762e-17
1.301734675871893121e-01 3.294977291467268089e-17
1.303923934842966814e-01 3.307163075236248947e-17
1.306124276793269867e-01 3.319431011650133619e-17
1.308335795550931990e-01 3.331781906309773127e-17
1.310558586059947239e-01 3.344216575206033988e-17
1.312792744397292821e-01 3.356735844886130147e-17
1.315038367790371809e-01 3.369340552623151036e-17
1.317295554634785870e-01 3.382031546588854163e-17
1.319564404512442723e-01 3.394809686029770909e-17
1.321845018210009437e-01 3.407675841446725389e-17
1.324137497737717106e-01 3.420630894777813817e-17
1.326441946348526080e-01 3.433675739584972579e-17
1.328758468557657835e-01 3.446811281244146094e-17
1.331087170162505162e-01 3.460038437139208547e-17
1.333428158262927044e-01 3.473358136859663524e-17
1.335781541281937379e-01 3.486771322402263303e-17
1.338147428986795617e-01 3.500278948376574295e-17
1.340525932510512885e-01 3.513881982214652572e-17
1.342917164373775840e-01 3.527581404384852297e-17
1.345321238507305728e-01 3.541378208609921103e-17
1.347738270274659311e-01 3.555273402089450864e-17
1.350168376495478051e-01 3.569268005726778740e-17
1.352611675469204966e-01 3.583363054360473477e-17
1.355068286999272231e-01 3.597559597000486472e-17
1.357538332417775606e-01 3.611858697069094538e-17
1.360021934610643468e-01 3.626261432646725608e-17
1.362519218043316271e-01 3.640768896722816499e-17
1.365030308786945312e-01 3.655382197451790883e-17
1.367555334545124401e-01 3.670102458414288724e-17
1.370094424681169154e-01 3.684930818883794488e-17
1.372647710245952501e-01 3.699868434098742383e-17
1.375215324006316686e-01 3.714916475540298939e-17
1.377797400474069511e-01 3.730076131215896252e-17
1.380394075935581777e-01 3.745348605948696489e-17
1.383005488482001721e-01 3.760735121673110885e-17
1.385631778040100071e-01 3.776236917736532268e-17
1.388273086403761791e-01 3.791855251207425292e-17
1.390929557266140648e-01 3.807591397189932187e-17
1.393601336252494605e-01 3.823446649145168405e-17
1.396288570953714003e-01 3.839422319219336990e-17
1.398991410960568060e-01 3.855519738578873050e-17
1.401710007898680777e-01 3.871740257752774878e-17
1.404444515464257637e-01 3.888085246982289353e-17
1.407195089460583637e-01 3.904556096578157458e-17
1.409961887835307903e-01 3.921154217285593109e-17
1.412745070718540441e-01 3.937881040657198653e-17
1.415544800461778219e-01 3.954738019434025982e-17
1.418361241677682516e-01 3.971726627934954575e-17
1.421194561280733348e-01 3.988848362454661349e-17
1.424044928528775955e-01 4.006104741670330225e-17
1.426912515065491549e-01 4.023497307057375046e-17
1.429797494963812032e-01 4.041027623314400792e-17
1.432700044770300885e-01 4.058697278797614495e-17
1.435620343550535749e-01 4.076507885964974878e-17
1.438558572935504376e-01 4.094461081830279183e-17
1.441514917169056664e-01 4.112558528427508271e-17
1.444489563156430290e-01 4.130801913285653093e-17
1.447482700513881559e-01 4.149192949914304798e-17
1.450494521619455635e-01 4.167733378300320332e-17
1.453525221664920541e-01 4.186424965415819271e-17
1.456574998708901059e-01 4.205269505737847180e-17
1.459644053731243563e-01 4.224268821779985278e-17
1.462732590688648193e-01 4.243424764636256473e-17
1.465840816571597760e-01 4.262739214537633452e-17
1.468968941462626965e-01 4.282214081421506890e-17
1.472117178595962472e-01 4.301851305514453979e-17
1.475285744418576295e-01 4.321652857928671506e-17
1.478474858652690793e-01 4.341620741272445728e-17
1.481684744359776373e-01 4.361756990275049765e-17
1.484915628006083510e-01 4.382063672426453102e-17
1.488167739529754896e-01 4.402542888632267186e-17
1.491441312409561015e-01 4.423196773884328969e-17
1.494736583735305491e-01 4.444027497947382752e-17
1.498053794279949336e-01 4.465037266062275114e-17
1.501393188573506010e-01 4.486228319666177520e-17
1.504755014978752248e-01 4.507602937130240909e-17
1.508139525768815992e-01 4.529163434515254802e-17
1.511546977206691678e-01 4.550912166345768214e-17
1.514977629626738653e-01 4.572851526403200551e-17
1.518431747518226016e-01 4.594983948538519334e-17
1.521909599610981600e-01 4.617311907504999365e-17
1.525411458963207845e-01 4.639837919811685176e-17
1.528937603051532534e-01 4.662564544598116979e-17
1.532488313863358265e-01 4.685494384530966613e-17
1.536063877991582505e-01 4.708630086723189304e-17
1.539664586731759877e-01 4.731974343676392584e-17
1.543290736181782696e-01 4.755529894247055322e-17
1.546942627344155274e-01 4.779299524637346259e-17
1.550620566230942743e-01 4.803286069411219381e-17
1.554324863971477955e-01 4.827492412536591004e-17
1.558055836922912774e-01 4.851921488454327034e-17
1.561813806783702574e-01 4.876576283174875490e-17
1.565599100710114988e-01 4.901459835403361496e-17
1.569412051435861155e-01 4.926575237694001403e-17
1.573252997394947728e-01 4.951925637634743833e-17
1.577122282847851498e-01 4.977514239063014040e-17
1.581020258011124890e-01 5.003344303313571065e-17
1.584947279190543068e-01 5.029419150499405842e-17
1.588903708917905888e-01 5.055742160826739658e-17
1.592889916091617397e-01 5.082316775945152204e-17
1.596906276121160817e-01 5.109146500333934970e-17
1.600953171075605030e-01 5.136234902725808915e-17
1.605030989836268851e-01 5.163585617569168760e-17
1.609140128253686852e-01 5.191202346530066744e-17
1.613280989309016367e-01 5.219088860035180192e-17
1.617453983280038587e-01 5.247248998857089126e-17
1.621659527911906984e-01 5.275686675743171117e-17
1.625898048592804845e-01 5.304405877089549949e-17
1.630169978534679875e-01 5.333410664661516205e-17
1.634475758959228753e-01 5.362705177361924769e-17
1.638815839289317067e-01 5.392293633049124169e-17
1.643190677346016149e-01 5.422180330406036764e-17
1.647600739551460525e-01 5.452369650862039612e-17
1.652046501137724444e-01 5.482866060569406170e-17
1.656528446361932583e-01 5.513674112436068337e-17
1.661047068727825593e-01 5.544798448216615545e-17
1.665602871214008629e-01 5.576243800663395805e-17
1.670196366509126840e-01 5.608014995739801177e-17
1.674828077254213732e-01 5.640116954897759127e-17
1.679498536292471089e-01 5.672554697421618227e-17
1.684208286926758280e-01 5.705333342840688809e-17
1.688957883185066289e-01 5.738458113412729927e-17
1.693747890094274289e-01 5.771934336680841072e-17
1.698578883962495734e-01 5.805767448106253397e-17
1.703451452670332322e-01 5.839962993779624925e-17
1.708366195971375012e-01 5.874526633213594594e-17
1.713323725802293473e-01 5.909464142219367248e-17
1.718324666602883410e-01 5.944781415870266841e-17
1.723369655646451726e-01 5.980484471555370163e-17
1.728459343380931712e-01 6.016579452126279156e-17
1.733594393781147935e-01 6.053072629140427610e-17
1.738775484712662689e-01 6.089970406204300804e-17
1.744003308307653655e-01 6.127279322420131498e-17
1.749278571353298783e-01 6.165006055939787338e-17
1.754601995693165217e-01 6.203157427629733574e-17
1.759974318642112123e-01 6.241740404851026486e-17
1.765396293415259776e-01 6.280762105358593674e-17
1.770868689571580556e-01 6.320229801324089410e-17
1.776392293472713046e-01 6.360150923486889348e-17
1.781967908757615959e-01 6.400533065437940505e-17
1.787596356833714706e-01 6.441383988041371012e-17
1.793278477385218672e-01 6.482711623998974890e-17
1.799015128899330296e-01 6.524524082562965713e-17
1.804807189211083962e-01 6.566829654402433642e-17
1.810655556067611305e-01 6.609636816629471615e-17
1.816561147712647817e-01 6.652954237990835358e-17
1.822524903492148962e-01 6.696790784231591110e-17
1.828547784481921457e-01 6.741155523637198745e-17
1.834630774138222009e-01 6.786057732760973513e-17
1.840774878972323003e-01 6.831506902344008884e-17
1.846981129250096776e-01 6.877512743435053453e-17
1.853250579717720947e-01 6.924085193718119561e-17
1.859584310354666647e-01 6.971234424055930437e-17
1.865983427155189778e-01 7.018970845257707041e-17
1.872449062939607611e-01 7.067305115080121246e-17
1.878982378196716596e-01 7.116248145470696791e-17
1.885584561958766614e-01 7.165811110063268543e-17
1.892256832710496328e-01 7.216005451935628315e-17
1.899000439333802526e-01 7.266842891639851546e-17
1.905816662089710178e-01 7.318335435516356298e-17
1.912706813639393766e-01 7.370495384303198373e-17
1.919672240106097272e-01 7.423335342052553799e-17
1.926714322179910177e-01 7.476868225367107833e-17
1.933834476267448643e-01 7.531107272969358055e-17
1.941034155688622920e-01 7.586066055617655111e-17
1.948314851922783308e-01 7.641758486383342073e-17
1.955678095906672465e-01 7.698198831304046094e-17
1.963125459386748095e-01 7.755401720428852739e-17
1.970658556328586386e-01 7.813382159271809522e-17
1.978279044386239416e-01 7.872155540691019889e-17
1.985988626434583015e-01 7.931737657211387654e-17
1.993789052167867226e-01 7.992144713809790456e-17
2.001682119767883017e-01 8.053393341182576341e-17
2.009669677645351815e-01 8.115500609515985046e-17
2.017753626258370625e-01 8.178484042781209867e-17
2.025935920011969760e-01 8.242361633576728073e-17
2.034218569243100572e-01 8.307151858541775246e-17
2.042603642295626465e-01 8.372873694365728851e-17
2.051093267690181909e-01 8.439546634419555464e-17
2.059689636394069212e-01 8.507190706036592827e-17
2.068395004196686982e-01 8.575826488471295001e-17
2.077211694196342551e-01 8.645475131565896350e-17
2.086142099404669215e-01 8.716158375156397209e-17
2.095188685475280754e-01 8.787898569250739602e-17
2.104353993563728986e-01 8.860718695013695543e-17
2.113640643326296642e-01 8.934642386594484348e-17
2.123051336065658878e-01 9.009693953834970726e-17
2.132588858031997658e-01 9.085898405898056783e-17
2.142256083888720852e-01 9.163281475857710272e-17
2.152055980352584053e-01 9.241869646294091603e-17
2.161991610018678400e-01 9.321690175939273492e-17
2.172066135381478524e-01 9.402771127421054980e-17
2.182282823063954880e-01 9.485141396154874996e-17
2.192645048267573005e-01 9.568830740435726325e-17
2.203156299456965062e-01 9.653869812784777511e-17
2.213820183294029076e-01 9.740290192607588173e-17
2.224640429837305700e-01 9.828124420223502622e-17
2.235620898023662484e-01 9.917406032328494969e-17
2.246765581450568816e-01 1.000816959895631375e-16
2.258078614478649382e-01 1.010045076200578543e-16
2.269564278675686997e-01 1.019428627540483288e-16
2.281227009624892665e-01 1.028971404698481094e-16
2.293071404122022927e-01 1.038677318214168585e-16
2.305102227787870772e-01 1.048550402936359421e-16
2.317324423124764998e-01 1.058594822770739015e-16
2.329743118048007988e-01 1.068814875630971767e-16
2.342363634925695992e-01 1.079214998602111975e-16
2.355191500163128504e-01 1.089799773325473389e-16
2.368232454370993723e-01 1.100573931614356818e-16
2.381492463159838313e-01 1.111542361310335811e-16
2.394977728606910439e-01 1.122710112389999889e-16
2.408694701445454611e-01 1.134082403332281823e-16
2.422650094030865120e-01 1.145664627756659168e-16
2.436850894142896518e-01 1.157462361342623163e-16
2.451304379688410140e-01 1.169481369040882819e-16
2.466018134374911575e-01 1.181727612586719244e-16
2.481000064431572449e-01 1.194207258325823312e-16
2.496258416461471785e-01 1.206926685362666501e-16
2.511801796516641150e-01 1.219892494041131072e-16
2.527639190496137611e-01 1.233111514766524740e-16
2.543779985976985514e-01 1.246590817177394504e-16
2.560233995598477086e-01 1.260337719674524127e-16
2.577011482132169351e-01 1.274359799313230170e-16
2.594123185383093166e-01 1.288664902063379367e-16
2.611580351082385398e-01 1.303261153439527461e-16
2.629394761947945192e-01 1.318156969500950231e-16
2.647578771108033968e-01 1.333361068218182509e-16
2.666145338103247386e-01 1.348882481198774614e-16
2.685108067705273549e-01 1.364730565760207000e-16
2.704481251816646115e-01 1.380915017332143488e-16
2.724279914744729414e-01 1.397445882163200333e-16
2.744519862175837099e-01 1.414333570298975716e-16
2.765217734212276901e-01 1.431588868787945899e-16
2.786391062876764080e-01 1.449222955059592150e-16
2.808058334535827316e-01 1.467247410404486212e-16
2.830239057747369613e-01 1.485674233468491946e-16
2.852953837098320400e-01 1.504515853652135048e-16
2.876224453667616254e-01 1.523785144280994052e-16
2.900073952828707280e-01 1.543495435382678761e-16
2.924526740196176644e-01 1.563660525869768556e-16
2.949608686624531351e-01 1.584294694884640971e-16
2.975347243286119436e-01 1.605412712010078521e-16
3.001771567991934342e-01 1.627029845987075334e-16
3.028912664076913175e-01 1.649161871506290080e-16
3.056803533353910085e-01 1.671825073549442115e-16
3.085479344852193329e-01 1.695036248648518136e-16
3.114977621302411070e-01 1.718812702299980299e-16
3.145338445616825407e-01 1.743172241613531189e-16
3.176604689948979710e-01 1.768133162084489233e-16
3.208822270310124347e-01 1.793714227148252731e-16
3.242040430182119293e-01 1.819934638895680743e-16
3.276312057112005238e-01 1.846813997988467502e-16
3.311694036919078932e-01 1.874372250399830959e-16
3.348247650912125062e-01 1.902629618100936523e-16
3.386039022428408707e-01 1.931606510195766367e-16
3.425139620099454385e-01 1.961323410249586090e-16
3.465626826561807872e-01 1.991800734624515973e-16
3.507584582914460847e-01 2.023058655486777397e-16
3.551104121142174552e-01 2.055116880729011136e-16
3.596284799056303494e-01 2.087994381287528464e-16
3.643235055154842028e-01 2.121709054138818782e-16
3.692073504303205467e-01 2.156277306516633799e-16
3.742930199456709350e-01 2.191713543451315049e-16
3.795948090005616948e-01 2.228029536403364048e-16
3.851284714012100929e-01 2.265233645290858996e-16
3.909114170004763245e-01 2.303329859264421841e-16
3.969629424602904022e-01 2.342316612727755567e-16
4.033045025730631616e-01 2.382185321758285777e-16
4.099600308453938968e-01 2.422918571481110406e-16
4.169563202759740128e-01 2.464487866057582357e-16
4.243234781578230086e-01 2.506850828375470091e-16
4.320954725359998916e-01 2.549947704380940092e-16
4.403107929820031519e-01 2.593696984693204472e-16
4.490132550669372336e-01 2.637989900142235580e-16
4.582529869886265428e-01 2.682683473257554867e-16
4.680876491928688266e-01 2.727591707668057548e-16
4.785839549378539948e-01 2.772474362248599268e-16
4.898195836919326807e-01 2.817022573112115436e-16
5.018856132284955640e-01 2.860840334938903115e-16
5.148896452305499194e-01 2.903420506156080943e-16
5.289598709236511542e-01 2.944113520707052861e-16
5.442504302301350849e-01 2.982086315986166831e-16
5.609485807612172303e-01 3.016268040920254032e-16
5.792844463634923002e-01 3.045277775264116509e-16
5.995445191824105846e-01 3.067327611847035200e-16
6.220907522417993274e-01 3.080091818734800613e-16
6.473882016646983484e-01 3.080529166346590927e-16
6.760461457806432595e-01 3.064640696467128946e-16
7.088812050083358463e-01 3.027139443672822505e-16
7.470178808339960064e-01 2.961003551421963735e-16
7.920559147847743287e-01 2.856886093885463863e-16
8.463642113319158611e-01 2.702384072994585121e-16
9.136326071794408366e-01 2.481289615348393718e-16
1.000000000000000000e+00 2.173361919745704601e-16
