1.000000000000000000e+00 2.173361919745704601e-16
1.014052887563868799e+00 2.122412164980443215e-16
1.028303258776620321e+00 2.070782120887526410e-16
1.042753888853767963e+00 2.018554896152682361e-16
1.057407592010616737e+00 1.965814780146025022e-16
1.072267222010323318e+00 1.912646979255392495e-16
1.087335672719656143e+00 1.859137346364557845e-16
1.102615878672569050e+00 1.805372104733091037e-16
1.118110815641691014e+00 1.751437567601513542e-16
1.133823501217849250e+00 1.697419854904800716e-16
1.149756995397735793e+00 1.643404608528531442e-16
1.165914401179831694e+00 1.589476707584205869e-16
1.182298865168707191e+00 1.535719985212814988e-16
1.198913578187812634e+00 1.482216948448017104e-16
1.215761775900881636e+00 1.429048502681594885e-16
1.232846739442066131e+00 1.376293682273902706e-16
1.250171796054927675e+00 1.324029388840207923e-16
1.267740319740407351e+00 1.272330138720033524e-16
1.285555731913902378e+00 1.221267821100566001e-16
1.303621502071575566e+00 1.170911468216837373e-16
1.321941148466029059e+00 1.121327038990849648e-16
1.340518238791473582e+00 1.072577217399175367e-16
1.359356390878525556e+00 1.024721226774283678e-16
1.378459273398767948e+00 9.778146611492273394e-17
1.397830606579212986e+00 9.319093346490829051e-17
1.417474162926805281e+00 8.870531498163378600e-17
1.437393767963104585e+00 8.432899856321160628e-17
1.457593300969295846e+00 8.006596058617023244e-17
1.478076695741665558e+00 7.591975882124025649e-17
1.498847941357697833e+00 7.189352746439870892e-17
1.519911082952933645e+00 6.798997430317611383e-17
1.541270222508749344e+00 6.421138001962891543e-17
1.562929519651203636e+00 6.055959962122084603e-17
1.584893192461113598e+00 5.703606596981280690e-17
1.607165518295510465e+00 5.364179536683164693e-17
1.629750834620644184e+00 5.037739513641718542e-17
1.652653539856689280e+00 4.724307313380760697e-17
1.675878094234324989e+00 4.423864909212036663e-17
1.699429020663350665e+00 4.136356770733938132e-17
1.723310905613508304e+00 3.861691334886564758e-17
1.747528400007683835e+00 3.599742627156721744e-17
1.772086220127659262e+00 3.350352019499865347e-17
1.796989148532594394e+00 3.113330110646154785e-17
1.822242034990415371e+00 2.888458713694762418e-17
1.847849797422290941e+00 2.675492935282421107e-17
1.873817422860383886e+00 2.474163330145717545e-17
1.900149968419059476e+00 2.284178114586586304e-17
1.926852562279741221e+00 2.105225422176519492e-17
1.953930404689610656e+00 1.936975585208271607e-17
1.981388768974338577e+00 1.779083425076698230e-17
2.009233002565047332e+00 1.631190535929498165e-17
2.037468528039708016e+00 1.492927545562400566e-17
2.066100844179171059e+00 1.363916338663571662e-17
2.095135527038035850e+00 1.243772228095855503e-17
2.124578231030568087e+00 1.132106060535571944e-17
2.154434690031883814e+00 1.028526245952469104e-17
2.184710718494600190e+00 9.326406940010090597e-18
2.215412212581183926e+00 8.440586563833548268e-18
2.246545151312208777e+00 7.623924572360175039e-18
2.278115597730753894e+00 6.872591092797379576e-18
2.310129700083159765e+00 6.182818077266527135e-18
2.342593693016382428e+00 5.550912972843121363e-18
2.375513898792169343e+00 4.973271087098301115e-18
2.408896728518303387e+00 4.446386627114431751e-18
2.442748683397142351e+00 3.966862403088798970e-18
2.477076355991710610e+00 3.531418200328007513e-18
2.511886431509580131e+00 3.136897835532018491e-18
2.547185689104791706e+00 2.780274924600514849e-18
2.582981003198076664e+00 2.458657400052888519e-18
2.619279344815628185e+00 2.169290824629367394e-18
2.656087782946686460e+00 1.909560558474087587e-18
2.693413485920201467e+00 1.676992841988436805e-18
2.731263722800845617e+00 1.469254864570732313e-18
2.769645864804640034e+00 1.284153896703647220e-18
2.808567386734473370e+00 1.119635559074413955e-18
2.848035868435801365e+00 9.737813155358853036e-19
2.888058996272795387e+00 8.448052734673569581e-19
2.928644564625236590e+00 7.310503732471700027e-19
2.969800477406450145e+00 6.309840528406264701e-19
3.011534749602566841e+00 5.431934698309929768e-19
3.053855508833415389e+00 4.663803614288602367e-19
3.096770996935352738e+00 3.993556199803730638e-19
3.140289571566334814e+00 3.410336577793831289e-19
3.184419707833546109e+00 2.904266306736726770e-19
3.229169999943898528e+00 2.466385851454353364e-19
3.274549162877728570e+00 2.088595883463186027e-19
3.320566034086009921e+00 1.763598946565319784e-19
3.367229575211421633e+00 1.484841997304276719e-19
3.414548873833601395e+00 1.246460177732790304e-19
3.462533145238920085e+00 1.043222275428061081e-19
3.511191734215131088e+00 8.704781548537373675e-20
3.560534116871242105e+00 7.241083290949540668e-20
3.610569902482952287e+00 6.004760316712086337e-20
3.661308835364033509e+00 4.963818179942134246e-20
3.712760796764003945e+00 4.090208547376102463e-20
3.764935806792468309e+00 3.359429526946246449e-20
3.817844026370505794e+00 2.750153640939448882e-20
3.871495759209478749e+00 2.243883626139888308e-20
3.925901453817644882e+00 1.824634942539508485e-20
3.981071705534972249e+00 1.478645327001080061e-20
4.037017258596554470e+00 1.194109723407965030e-20
4.093749008225008978e+00 9.609398028758091992e-21
4.151278002752294860e+00 7.705470606935829555e-21
4.209615445771334841e+00 6.156476613051714868e-21
4.268772698317883751e+00 4.900880307449809809e-21
4.328761281083058243e+00 3.886898534874755360e-21
4.389592876656947418e+00 3.071126011641955333e-21
4.451279331803766226e+00 2.417327930565449712e-21
4.513832659768977074e+00 1.895372012145847427e-21
4.577265042618829938e+00 1.480306459802749048e-21
4.641588833612778409e+00 1.151553337618401203e-21
4.706816559609247719e+00 8.922128691480790374e-22
4.772960923505192632e+00 6.884643070365036868e-22
4.840034806709949677e+00 5.290526950700107449e-22
4.908051271653856240e+00 4.048515369966906824e-22
4.977023564332111683e+00 3.084964982405126363e-22
5.046965116884394753e+00 2.340638035270605366e-22
5.117889550210739991e+00 1.768163517631193757e-22
5.189810676624150076e+00 1.329822903606588825e-22
5.262742502540514344e+00 9.956756706002166971e-23
5.336699231206309513e+00 7.421160010793623971e-23
5.411695265464635973e+00 5.505863356201379712e-23
5.487745210560132314e+00 4.065861343713325719e-23
5.564863876983292990e+00 2.988377185349129454e-23
5.643066283354773560e+00 2.185995226879941274e-23
5.722367659350217295e+00 1.591128356413452810e-23
5.802783448666184896e+00 1.152525768166043432e-23
5.884329312027768211e+00 8.306505382001702659e-24
5.967021130238472360e+00 5.956669009449509338e-24
6.050875007272943584e+00 4.249343637251024198e-24
6.135907273413172547e+00 3.015455220408481813e-24
6.222134488428772592e+00 2.128568318810233508e-24
6.309573444801933384e+00 1.494541823125601151e-24
6.398241170997705396e+00 1.043491381293674907e-24
6.488154934780252958e+00 7.247190082802674972e-25
6.579332246575680720e+00 5.001120547493558746e-25
6.671790862882144069e+00 3.426364725540210066e-25
6.765548789727874102e+00 2.332290864552162405e-25
6.860624286177786857e+00 1.580812298454053443e-25
6.957035867889390879e+00 1.049744033672505322e-25
7.054802310718643277e+00 6.801822438528071523e-26
7.153942654376493238e+00 4.559488145155176463e-26
7.254476206136811101e+00 2.847448426430852455e-26
7.356422544596413537e+00 1.894370992351542804e-26
7.459801523487935349e+00 1.252656212397079397e-26
7.564633275546288615e+00 8.232276552413567088e-27
7.670938216429441958e+00 5.376407105121368239e-27
7.778737048694306822e+00 3.489079497139497055e-27
7.888050765828508837e+00 2.249768948194472642e-27
7.998900656338786774e+00 1.441234124090460980e-27
8.111308307896869962e+00 9.171943208042247893e-28
8.225295611543620211e+00 5.798002741338828940e-28
8.340884765952226942e+00 3.640366753703121125e-28
8.458098281751338376e+00 2.269971107912062643e-28
8.576958985908941457e+00 1.405601326636053761e-28
8.697490026177835176e+00 8.642276477234868863e-29
8.819714875603580140e+00 5.275640573351387566e-29
8.943657337095817894e+00 3.197124180106080280e-29
9.069341548063794889e+00 1.923253868928150929e-29
9.196791985117059198e+00 1.148315925092262280e-29
9.326033468832198636e+00 6.804371071014871193e-30
9.457091168586574170e+00 4.001012249899323619e-30
9.589990607459977667e+00 2.334316869959476480e-30
9.724757667205171430e+00 1.351169374708330675e-30
9.861418593288274081e+00 7.758381280927752114e-31
1.000000000000000000e+01 4.418698040518980714e-31
