1.800000000000000044e+00 3.085716995455941340e-17
2.017999269840975440e+00 1.587041311095588375e-17
2.262400585043728096e+00 7.237348545861562147e-18
2.536401515947799279e+00 2.884864915701561480e-18
2.843586892892334461e+00 9.892496264206681397e-19
3.187975707547832993e+00 2.866850467264340910e-19
3.574073694501275433e+00 6.883738502130696687e-20
4.006932281034116805e+00 1.339634069242590663e-20
4.492214676349490787e+00 2.061710448131071558e-21
5.036269964912325037e+00 2.441656657968990345e-22
5.646216173286171092e+00 2.158615175607714438e-23
6.330033397253223448e+00 1.375857174013133649e-24
7.096668207625549840e+00 5.744997487665606796e-26
7.956150700717793178e+00 1.711353146750994792e-27
8.919725724885152474e+00 3.521846704944037926e-29
1.000000000000000000e+01 4.418698040518980714e-31
