1.000000000000000021e-08 7.002927698051839533e-32
1.102622500945924824e-08 8.513994317309143893e-32
1.215776379592245905e-08 1.035111350068805919e-31
1.340542392256981432e-08 1.258463971717117549e-31
1.478112205174425607e-08 1.530010827758867678e-31
1.629799776348121082e-08 1.860151100485840819e-31
1.797053905438070424e-08 2.261527871756335657e-31
1.981472071548766762e-08 2.749512304085428236e-31
2.184815691085603438e-08 3.342792296770478153e-31
2.409026941410707152e-08 4.064088160362522979e-31
2.656247310984385641e-08 4.941022717130155773e-31
2.928838053168485009e-08 6.007179149115366916e-31
3.229402739050228242e-08 7.303387105435182030e-31
3.560812124693182173e-08 8.879286321994203011e-31
3.926231570327760805e-08 1.079522763451576833e-30
4.329151273367641200e-08 1.312458418678111627e-30
4.773419604013863359e-08 1.595656134502314042e-30
5.263279861842071422e-08 1.939961292816834456e-30
5.803410804442626605e-08 2.358559458348173069e-30
6.398971335211116977e-08 2.867481336741051964e-30
7.055649777111764870e-08 3.486216691318845642e-30
7.779718203037530644e-08 4.238460729449433061e-30
8.578092341687760565e-08 5.153021542624706886e-30
9.458397631136842541e-08 6.264923352237922873e-30
1.042904205098511581e-07 7.616747811835408889e-30
1.149929642872742461e-07 9.260264733520620477e-30
1.267938298736197551e-07 1.125841469036234455e-29
1.398057297997624184e-07 1.368771942261940559e-29
1.541529434383842534e-07 1.664121235945950418e-29
1.699725040222069111e-07 2.023200148711343275e-29
1.874155074770066842e-07 2.459760101197883213e-29
2.066485555703467632e-07 2.990519771060397145e-29
2.278553471598386501e-07 3.635805365545182803e-29
2.512384327392832045e-07 4.420329052693795933e-29
2.770211490407229757e-07 5.374135363539902251e-29
3.054497521701950969e-07 6.533751810808976631e-29
3.367957696512134381e-07 7.943587791011020747e-29
3.713585938408285264e-07 9.657635346020225409e-29
4.094683414885354014e-07 1.174153692151021225e-28
4.514890067502688785e-07 1.427509931581541502e-28
4.978219377725730128e-07 1.735535010236081258e-28
5.489096700525410075e-07 2.110025358640291645e-28
6.052401531867350946e-07 2.565322861840868710e-28
6.673514113796510593e-07 3.118864129973854272e-28
7.358366822252236101e-07 3.791848295805819266e-28
8.113500828429277514e-07 4.610048917074545975e-28
8.946128574869503765e-07 5.604801081400451363e-28
9.864202663006414538e-07 6.814201522847996578e-28
1.087649181012158280e-06 8.284567719055784382e-28
1.199266460119412787e-06 1.007221185891726860e-27
1.322338183557433171e-06 1.224559763328662209e-27
1.458039835050385367e-06 1.488796246741777703e-27
1.607667529402039456e-06 1.810050564596237009e-27
1.772650391958832743e-06 2.200626446290478471e-27
1.954564208484417790e-06 2.675482689099537550e-27
2.155146475818480787e-06 3.252806131878958648e-27
2.376312997071769149e-06 3.954708287740688273e-27
2.620176179861580325e-06 4.808072326825103863e-27
2.889065212357915060e-06 5.845582862480581330e-27
3.185548309845946675e-06 7.106978000672379908e-27
3.512457244286401482e-06 8.640571632104070854e-27
3.872914391160703342e-06 1.050510430629542860e-26
4.270362551931069641e-06 1.277199362437179292e-26
4.708597836956057412e-06 1.552807040623453154e-26
5.191805922933059398e-06 1.887890551639217809e-26
5.724602031170315096e-06 2.295285488663606711e-26
6.312075008529133928e-06 2.790597782343324734e-26
6.959835932062648414e-06 3.392801719237599304e-26
7.674071701584227930e-06 4.124967081964149538e-26
8.461604132039151312e-06 5.015143300873209686e-26
9.329955110083360361e-06 6.097434534717771369e-26
1.028741843719332493e-05 7.413306929345318023e-26
1.134313904549532194e-05 9.013178221385702802e-26
1.250720034292142197e-05 1.095835070206181651e-25
1.379072052194374479e-05 1.332336175310857667e-25
1.520595875175187108e-05 1.619884222185065144e-25
1.676643226813722087e-05 1.969499243611190993e-25
1.848704547943391349e-05 2.394580942725142271e-25
2.038423232163443386e-05 2.911422785134659108e-25
2.247611322234331489e-05 3.539837229521702822e-25
2.478266817276395179e-05 4.303916149127549890e-25
2.732592756076596130e-05 5.232955710742966463e-25
3.013018258771893912e-05 6.362581325420142233e-25
3.322221727882794035e-05 7.736116013456028105e-25
3.663156430295018163e-05 9.406244936967429766e-25
4.039078704528039325e-05 1.143704031466678960e-24
4.453579062704123243e-05 1.390642489447846983e-24
4.910616484279227585e-05 1.690916916885972127e-24
5.414556229082246881e-05 2.056053824499164835e-24
5.970211530823002423e-05 2.500072954594268939e-24
6.582889569292256211e-05 3.040027332019108801e-24
7.258442160343854337e-05 3.696660549958971025e-24
8.003321647809682560e-05 4.495206826807684569e-24
8.824642531182571074e-05 5.466364961984658062e-24
9.730249417686282648e-05 6.647484144466090747e-24
1.072879194775687819e-04 8.084007903684750983e-24
1.182980740956418787e-04 9.831232676754656410e-24
1.304381183164229571e-04 1.195644991441991557e-23
1.438240042367347395e-04 1.454155587185953056e-23
1.585835832475654069e-04 1.768623185860842641e-23
1.748578271693968303e-04 2.151182052947696107e-23
1.928021747034905809e-04 2.616605174152288724e-23
2.125880160593754734e-04 3.182880576155218848e-23
2.344043299385209901e-04 3.871914364427955501e-23
2.584594885093657174e-04 4.710388622098686536e-23
2.849832476134013461e-04 5.730808658401581349e-23
3.142289412111803383e-04 6.972781900772775720e-23
3.464759010278609433e-04 8.484580337465845706e-23
3.820321245088327457e-04 1.032505026911618121e-22
4.212372165676140810e-04 1.256594775650010433e-22
4.644656332232818124e-04 1.529479623112543264e-22
5.121302581080876010e-04 1.861838510865486408e-22
5.646863460052214435e-04 2.266705597094631081e-22
6.226358710822931745e-04 2.759995729155107656e-22
6.865323213514024168e-04 3.361149144844265927e-22
7.569859851486931491e-04 4.093923101285736181e-22
8.346697801256666629e-04 4.987364770086787841e-22
9.203256804261477665e-04 6.077008031606817148e-22
1.014771803436236844e-03 7.406347180290122492e-22
1.118910223794269878e-03 9.028653564635101600e-22
1.233735589294002177e-03 1.100921752712401149e-21
1.360344620973347055e-03 1.342811857162422808e-21
1.499946588125967897e-03 1.638365260634569769e-21
1.653874858284758425e-03 1.999657784599110000e-21
1.823599632493527137e-03 2.441538237409623910e-21
2.010741987504082329e-03 2.982282886103034059e-21
2.217089359018725985e-03 3.644409858094991337e-21
2.444612613861824740e-03 4.455694162575728724e-21
2.695484874140279419e-03 5.450434815945540779e-21
2.972102273186466408e-03 6.671039323043024193e-21
3.277106841527929488e-03 8.170008347060495643e-21
3.613411741472518767e-03 1.001242587688717014e-20
3.984229091329797613e-03 1.227908895984353096e-20
4.393100645023571491e-03 1.507044789234071032e-20
4.843931620123035492e-03 1.851157493403126452e-20
5.341027997391106265e-03 2.275844005171329179e-20
5.889137648105585710e-03 2.800584963037820768e-20
6.493495681968982323e-03 3.449750324239577735e-20
7.159874448734202673e-03 4.253875043260831380e-20
7.894638671122115176e-03 5.251279160385069406e-20
8.704806235617078627e-03 6.490127392390030420e-20
9.598115221765783633e-03 8.031049646657248485e-20
1.058309781019051675e-02 9.950477301329140621e-20
1.166916177522760688e-02 1.234489236948996310e-19
1.286668034054405142e-02 1.533623990984921941e-19
1.418709125596244458e-02 1.907882075325935785e-19
1.564300604179737209e-02 2.376806465148906406e-19
1.724833044411879304e-02 2.965168651111299458e-19
1.901839725143599641e-02 3.704385382443759315e-19
2.097011274136146089e-02 4.634314503896926566e-19
2.312211815599793038e-02 5.805525914796824843e-19
2.549496774833361068e-02 7.282164764057208897e-19
2.811132510020330003e-02 9.145547999720527199e-19
3.099617958689011160e-02 1.149866177049360031e-18
3.417708505586579404e-02 1.447175469115695460e-18
3.768442299934025852e-02 1.822924833385443432e-18
4.155169273423667958e-02 2.297820763100264552e-18
4.581583136116065824e-02 2.897862408831357523e-18
5.051756655835959453e-02 3.655575466664728445e-18
5.570180558028067080e-02 4.611471570054797047e-18
6.141806417613274172e-02 5.815743591423928490e-18
6.772093952514479653e-02 7.330190085977580256e-18
7.467063170562288077e-02 9.230334129431647047e-18
8.233351867846579186e-02 1.160765914478801150e-17
9.078279027692796876e-02 1.457182255831552894e-17
1.000991472579957631e-01 1.825262270800414722e-17
