1.000000000000000021e-08 7.002927698051911788e-32
1.232846739442065987e-08 1.064382808521442157e-31
1.519911082952933033e-08 1.617767351565412815e-31
1.873817422860383085e-08 2.458862760366147285e-31
2.310129700083157947e-08 3.737253197694708850e-31
2.848035868435804881e-08 5.680293373374637600e-31
3.511191734215127655e-08 8.633542386142909555e-31
4.328761281083061248e-08 1.312221963139144589e-30
5.336699231206312549e-08 1.994461243519987334e-30
6.579332246575681788e-08 3.031404757504015538e-30
8.111308307896872595e-08 4.607467578449225992e-30
9.999999999999999547e-08 7.002944579474814858e-30
1.232846739442065921e-07 1.064385971791467858e-29
1.519911082952933099e-07 1.617773278954950847e-29
1.873817422860383085e-07 2.458873867209744346e-29
2.310129700083158013e-07 3.737274009886690981e-29
2.848035868435804881e-07 5.680332371610892354e-29
3.511191734215127655e-07 8.633615461690443186e-29
4.328761281083061645e-07 1.312235656156319328e-28
5.336699231206312813e-07 1.994486901719722707e-28
6.579332246575682053e-07 3.031452836252414410e-28
8.111308307896872065e-07 4.607557669168702874e-28
9.999999999999999547e-07 7.003113392856866180e-28
1.232846739442065973e-06 1.064417604296057272e-27
1.519911082952933046e-06 1.617832552398322802e-27
1.873817422860386897e-06 2.458984934601528543e-27
2.310129700083158172e-06 3.737482129394294579e-27
2.848035868435804987e-06 5.680722348400849760e-27
3.511191734215127549e-06 8.634346204292468061e-27
4.328761281083061327e-06 1.312372583354167533e-26
5.336699231206313025e-06 1.994743476847010740e-26
6.579332246575682688e-06 3.031933607865697057e-26
8.111308307896872700e-06 4.608458539700244166e-26
1.000000000000000082e-05 7.004801441980976400e-26
1.232846739442065846e-05 1.064733909776099084e-25
1.519911082952933216e-05 1.618425241632737078e-25
1.873817422860386727e-05 2.460095504103990916e-25
2.310129700083158002e-05 3.739563083260272867e-25
2.848035868435804817e-05 5.684621559081932175e-25
3.511191734215127295e-05 8.641652343088408729e-25
4.328761281083061836e-05 1.313741557973607809e-24
5.336699231206312347e-05 1.997308541200354152e-24
6.579332246575682688e-05 3.036739737177733146e-24
8.111308307896872023e-05 4.617463579403201240e-24
1.000000000000000048e-04 7.021673465607303399e-24
1.232846739442066016e-04 1.067895008568835335e-23
1.519911082952933080e-04 1.624347615690413128e-23
1.873817422860383000e-04 2.471190762283311432e-23
2.310129700083158070e-04 3.760348514251488475e-23
2.848035868435804885e-04 5.723557982018365614e-23
3.511191734215134749e-04 8.714585116761118832e-23
4.328761281083061429e-04 1.327401599058965785e-22
5.336699231206312212e-04 2.022890580470174870e-22
6.579332246575682417e-04 3.084642597910751054e-22
8.111308307896872294e-04 4.707148126125337677e-22
1.000000000000000021e-03 7.189548964495121395e-22
1.232846739442065853e-03 1.099310971963083819e-21
1.519911082952933243e-03 1.683121167936119175e-21
1.873817422860383055e-03 2.581104328328724933e-21
2.310129700083162624e-03 3.965805344008604360e-21
2.848035868435804668e-03 6.107391629330986493e-21
3.511191734215134749e-03 9.431158971037312244e-21
4.328761281083061754e-03 1.461062084790360121e-20
5.336699231206312212e-03 2.271937502865605379e-20
6.579332246575681983e-03 3.548075083484041388e-20
8.111308307896872294e-03 5.568110481326181895e-20
1.000000000000000021e-02 8.785822733697456530e-20
1.232846739442065853e-02 1.394533332842308194e-19
1.519911082952933069e-02 2.227439498722081987e-19
1.873817422860383011e-02 3.580872026349973037e-19
2.310129700083162624e-02 5.793440394813793216e-19
2.848035868435804668e-02 9.428829696408802937e-19
3.511191734215134835e-02 1.542332656395605854e-18
4.328761281083061407e-02 2.532269613627624803e-18
5.336699231206312732e-02 4.165115491647561180e-18
6.579332246575682330e-02 6.846054362655720287e-18
8.111308307896872294e-02 1.120919224835888886e-17
1.000000000000000056e-01 1.821120136432375346e-17
1.232846739442065853e-01 2.922066246975281828e-17
1.519911082952933035e-01 4.604476023416994354e-17
1.873817422860386828e-01 7.077547386205154319e-17
2.310129700083162763e-01 1.052680359918024521e-16
2.848035868435804807e-01 1.500439088289354977e-16
3.511191734215134419e-01 2.025730051106744560e-16
4.328761281083061685e-01 2.554185148021632382e-16
5.336699231206312177e-01 2.956499164335207955e-16
6.579332246575682053e-01 3.076625917437662147e-16
8.111308307896872849e-01 2.805752377545377894e-16
1.000000000000000000e+00 2.173361919746568650e-16
1.232846739442068351e+00 1.376293682274465016e-16
1.519911082952933201e+00 6.798997430334497937e-17
1.873817422860386772e+00 2.474163330150390622e-17
2.310129700083157989e+00 6.182818077496894549e-18
2.848035868435804918e+00 9.737813161626878707e-19
3.511191734215127536e+00 8.704781634897762385e-20
4.328761281083061796e+00 3.886899331154313387e-21
5.336699231206301519e+00 7.421242564677058451e-23
6.579332246575682497e+00 5.015924177464386467e-25
8.111308307896889502e+00 9.545282504889205999e-28
1.000000000000000000e+01 3.877181238624742925e-31
