0.000000000000000000e+00 0.000000000000000000e+00
1.001001001001000992e-02 1.216369477169361128e-34
2.002002002002001985e-02 1.129505214313962177e-34
3.003003003003002977e-02 3.112550366492435804e-34
4.004004004004003969e-02 9.130234410214392354e-36
5.005005005005004615e-02 1.594986311855240491e-35
6.006006006006005954e-02 1.584035389588231429e-36
7.007007007007007293e-02 2.328798186269062028e-36
8.008008008008007939e-02 4.121054322791117459e-37
9.009009009009008584e-02 5.532095204062088428e-37
1.001001001001000923e-01 1.377178036744669000e-37
1.101101101101101126e-01 1.747719777636522634e-37
1.201201201201201191e-01 5.450762245966457104e-38
1.301301301301301394e-01 6.658286903207440300e-38
1.401401401401401459e-01 2.436294272771259311e-38
1.501501501501501523e-01 2.894928239265738478e-38
1.601601601601601588e-01 1.193067176951126934e-38
1.701701701701701652e-01 1.388312534012494969e-38
1.801801801801801717e-01 6.271690473878273796e-39
1.901901901901901781e-01 7.179386864807570601e-39
2.002002002002001846e-01 3.488149051137248073e-39
2.102102102102102188e-01 3.940653797944361249e-39
2.202202202202202252e-01 2.030742122503895197e-39
2.302302302302302317e-01 2.269434565238071685e-39
2.402402402402402382e-01 1.227510479154282467e-39
2.502502502502502724e-01 1.359399562286277234e-39
2.602602602602602788e-01 7.654712782375291277e-40
2.702702702702702853e-01 8.412109947728089454e-40
2.802802802802802917e-01 4.899232417871268640e-40
2.902902902902902982e-01 5.348450233486698456e-40
3.003003003003003046e-01 3.204610573219076242e-40
3.103103103103103111e-01 3.478374663729345019e-40
3.203203203203203175e-01 2.134568078931198330e-40
3.303303303303303240e-01 2.305259999029021514e-40
3.403403403403403304e-01 1.443393992390645252e-40
3.503503503503503369e-01 1.551878483073293577e-40
3.603603603603603434e-01 9.881267141538330105e-41
3.703703703703703498e-01 1.058182801973379268e-40
3.803803803803803563e-01 6.831695750050218020e-41
3.903903903903903627e-01 7.290058993907250672e-41
4.004004004004003692e-01 4.759549437726569042e-41
4.104104104104104311e-01 3.139651642775969044e-41
4.204204204204204376e-01 3.334609999740123068e-41
4.304304304304304440e-01 2.214213231304100878e-41
4.404404404404404505e-01 2.345200585216997132e-41
4.504504504504504570e-01 1.564756939564007654e-41
4.604604604604604634e-01 1.653142080969094658e-41
4.704704704704704699e-01 1.106921665983656817e-41
4.804804804804804763e-01 1.166743356467166449e-41
4.904904904904904828e-01 7.836575158675808706e-42
5.005005005005005447e-01 8.242540959091019092e-42
5.105105105105105512e-01 5.558766228241875712e-42
5.205205205205205576e-01 5.835275016727251976e-42
5.305305305305305641e-01 3.964788441978373731e-42
5.405405405405405705e-01 4.154461553176566069e-42
5.505505505505505770e-01 2.864725538597969807e-42
5.605605605605605835e-01 2.996721360746454987e-42
5.705705705705705899e-01 2.124183944772423691e-42
5.805805805805805964e-01 2.218579351779612672e-42
5.905905905905906028e-01 1.647214907095992715e-42
6.006006006006006093e-01 1.717901903077488098e-42
6.106106106106106157e-01 1.364751803793028333e-42
6.206206206206206222e-01 1.421373823951572626e-42
6.306306306306306286e-01 1.226656063693767215e-42
6.406406406406406351e-01 1.275913907669370542e-42
6.506506506506506415e-01 1.195986302432171924e-42
6.606606606606606480e-01 1.242517897080592598e-42
6.706706706706706544e-01 1.240449122120341289e-42
6.806806806806806609e-01 1.287253943904673972e-42
6.906906906906906674e-01 1.302134151078332295e-42
7.007007007007006738e-01 1.349826973868409172e-42
7.107107107107106803e-01 1.334901472210938808e-42
7.207207207207206867e-01 1.382402725280530993e-42
7.307307307307306932e-01 1.340232923769861237e-42
7.407407407407406996e-01 1.386603945131194839e-42
7.507507507507507061e-01 1.325614811223024929e-42
7.607607607607607125e-01 1.370244823507712303e-42
7.707707707707707190e-01 1.296899477709901721e-42
7.807807807807807254e-01 1.339417624253879800e-42
7.907907907907907319e-01 1.258497320563411945e-42
8.008008008008007383e-01 1.176591012458597963e-42
8.108108108108108558e-01 1.213704903012375290e-42
8.208208208208208623e-01 1.130201022607639002e-42
8.308308308308308687e-01 1.164974169124382034e-42
8.408408408408408752e-01 1.081639351487521154e-42
8.508508508508508816e-01 1.114118993719039288e-42
8.608608608608608881e-01 1.032203383944079059e-42
8.708708708708708945e-01 1.062471482132178270e-42
8.808808808808809010e-01 9.828399496223562000e-43
8.908908908908909074e-01 1.010999957251527128e-42
9.009009009009009139e-01 9.342305910987017007e-43
9.109109109109109204e-01 9.603980978544217477e-43
9.209209209209209268e-01 8.868562310600708713e-43
9.309309309309309333e-01 9.111524027184641278e-43
9.409409409409409397e-01 8.410463131634239108e-43
9.509509509509509462e-01 8.635933522937881877e-43
9.609609609609609526e-01 7.970162129544614051e-43
9.709709709709709591e-01 8.179342780146279641e-43
9.809809809809809655e-01 7.548957618526173736e-43
9.909909909909909720e-01 7.743009362944586277e-43
1.001001001001001089e+00 7.147510192908338341e-43
1.011011011011011096e+00 7.327540336705497271e-43
1.021021021021021102e+00 6.766009007257362775e-43
1.031031031031031109e+00 6.933063915716078887e-43
1.041041041041041115e+00 6.404298762541168351e-43
1.051051051051051122e+00 6.559360241744541611e-43
1.061061061061061128e+00 6.061976614766928778e-43
1.071071071071071135e+00 6.205960938320141673e-43
1.081081081081081141e+00 5.738466016477544884e-43
1.091091091091091148e+00 5.872224764198969709e-43
1.101101101101101154e+00 5.433072831982743107e-43
1.111111111111111160e+00 5.557394935927310135e-43
1.121121121121121167e+00 5.145027818226111117e-43
1.131131131131131173e+00 5.260642379437031028e-43
1.141141141141141180e+00 4.873518615920706294e-43
1.151151151151151186e+00 4.981098178690650161e-43
1.161161161161161193e+00 4.617713660766379781e-43
1.171171171171171199e+00 4.717877721507087767e-43
1.181181181181181206e+00 4.376779872493765376e-43
1.191191191191191212e+00 4.470098466536241970e-43
1.201201201201201219e+00 4.149895561397685426e-43
1.211211211211211225e+00 3.856093793105133209e-43
1.221221221221221231e+00 3.936259662713327699e-43
1.231231231231231238e+00 3.660248616098003591e-43
1.241241241241241244e+00 3.735098157084836445e-43
1.251251251251251251e+00 3.475735981040895501e-43
1.261261261261261257e+00 3.545668344542407398e-43
1.271271271271271264e+00 3.301879512202733035e-43
1.281281281281281270e+00 3.367261487894675608e-43
1.291291291291291277e+00 3.138035551216273543e-43
1.301301301301301283e+00 3.199204223556099377e-43
1.311311311311311290e+00 2.983593840262848895e-43
1.321321321321321296e+00 3.040859053928278940e-43
1.331331331331331302e+00 2.837977523089673356e-43
1.341341341341341309e+00 2.891624162029713712e-43
1.351351351351351315e+00 2.700642641298354859e-43
1.361361361361361322e+00 2.750932728656524591e-43
1.371371371371371328e+00 2.571077270971570668e-43
1.381381381381381335e+00 2.618251899056982522e-43
1.391391391391391341e+00 2.448800410419070337e-43
1.401401401401401348e+00 2.493081510975280272e-43
1.411411411411411354e+00 2.333360698403253903e-43
1.421421421421421361e+00 2.374952663816321593e-43
1.431431431431431367e+00 2.224335028953485240e-43
1.441441441441441373e+00 2.263426195155354867e-43
1.451451451451451380e+00 2.121327112447424530e-43
1.461461461461461386e+00 2.158091114087882101e-43
1.471471471471471393e+00 2.023966017359768628e-43
1.481481481481481399e+00 2.058563025396226636e-43
1.491491491491491406e+00 1.931904720221392446e-43
1.501501501501501412e+00 1.964482571581877887e-43
1.511511511511511419e+00 1.844818685173283893e-43
1.521521521521521425e+00 1.875513913604177844e-43
1.531531531531531432e+00 1.762404485833169842e-43
1.541541541541541438e+00 1.791343262414370566e-43
1.551551551551551444e+00 1.684378478511567129e-43
1.561561561561561451e+00 1.711677469698307510e-43
1.571571571571571457e+00 1.610475534836929219e-43
1.581581581581581464e+00 1.636242685312337291e-43
1.591591591591591470e+00 1.540447836394752323e-43
1.601601601601601477e+00 1.451281061789372135e-43
1.611611611611611705e+00 1.474063734017091195e-43
1.621621621621621712e+00 1.389563413063276775e-43
1.631631631631631718e+00 1.411106672174336234e-43
1.641641641641641725e+00 1.330991785606073354e-43
1.651651651651651731e+00 1.351374176145765599e-43
1.661661661661661737e+00 1.275382465977837005e-43
1.671671671671671744e+00 1.294676901478117368e-43
1.681681681681681750e+00 1.222563535629019990e-43
1.691691691691691757e+00 1.240837744246444321e-43
1.701701701701701763e+00 1.172374077459450798e-43
1.711711711711711770e+00 1.189691009564401002e-43
1.721721721721721776e+00 1.124663433549098441e-43
1.731731731731731783e+00 1.141081634679376346e-43
1.741741741741741789e+00 1.079290511653319630e-43
1.751751751751751796e+00 1.094864463934643712e-43
1.761761761761761802e+00 1.036123138671525349e-43
1.771771771771771808e+00 1.050903573534108421e-43
1.781781781781781815e+00 9.950374580363885732e-44
1.791791791791791821e+00 1.009071642790237915e-43
1.801801801801801828e+00 9.559173682825291411e-44
1.811811811811811834e+00 9.692493688757656663e-44
1.821821821821821841e+00 9.186540004025216216e-44
1.831831831831831847e+00 9.313249224744797079e-44
1.841841841841841854e+00 8.831452313195234882e-44
1.851851851851851860e+00 8.951934414626408857e-44
1.861861861861861867e+00 8.492952310865689070e-44
1.871871871871871873e+00 8.607565600541794263e-44
1.881881881881881879e+00 8.170140419295797245e-44
1.891891891891891886e+00 8.279219713717068861e-44
1.901901901901901892e+00 7.862171869230339251e-44
1.911911911911911899e+00 7.966030210860506605e-44
1.921921921921921905e+00 7.568253059965682694e-44
1.931931931931931912e+00 7.667183296873889237e-44
1.941941941941941918e+00 7.287638172596192876e-44
1.951951951951951925e+00 7.381914412548324453e-44
1.961961961961961931e+00 7.019626020165405906e-44
1.971971971971971938e+00 7.109504969914151182e-44
1.981981981981981944e+00 6.763557118250021890e-44
1.991991991991991950e+00 6.849279317801282488e-44
2.002002002002002179e+00 6.518810961866668304e-44
2.012012012012012185e+00 6.207309830594360312e-44
2.022022022022022192e+00 6.284803495119535431e-44
2.032032032032032198e+00 5.986980831738001085e-44
2.042042042042042205e+00 6.060984752529847684e-44
2.052052052052052211e+00 5.776138035080708077e-44
2.062062062062062218e+00 5.846836662124658592e-44
2.072072072072072224e+00 5.574304370922646832e-44
2.082082082082082231e+00 5.641871005917352638e-44
2.092092092092092237e+00 5.381029968300693468e-44
2.102102102102102243e+00 5.445627519424085667e-44
2.112112112112112250e+00 5.195890438770364754e-44
2.122122122122122256e+00 5.257672119141583314e-44
2.132132132132132263e+00 5.018485280512550436e-44
2.142142142142142269e+00 5.077595254950167952e-44
2.152152152152152276e+00 4.848436389643424811e-44
2.162162162162162282e+00 4.905010373866644738e-44
2.172172172172172289e+00 4.685386668864077261e-44
2.182182182182182295e+00 4.739552484901158763e-44
2.192192192192192302e+00 4.528998733656422021e-44
2.202202202202202308e+00 4.580876824985443589e-44
2.212212212212212314e+00 4.378953705584141347e-44
2.222222222222222321e+00 4.428657615188678142e-44
2.232232232232232327e+00 4.234950081494902682e-44
2.242242242242242334e+00 4.282586895690672465e-44
2.252252252252252340e+00 4.096702681091138971e-44
2.262262262262262347e+00 4.142373441828892789e-44
2.272272272272272353e+00 3.963941664920371788e-44
2.282282282282282360e+00 4.007741753015059403e-44
2.292292292292292366e+00 3.836411613933755058e-44
2.302302302302302373e+00 3.878431105422801515e-44
2.312312312312312379e+00 3.713870671105015678e-44
2.322322322322322385e+00 3.754194668809930601e-44
2.332332332332332392e+00 3.596089738811078971e-44
2.342342342342342398e+00 3.634798680983808787e-44
2.352352352352352405e+00 3.482851726261813285e-44
2.362362362362362411e+00 3.520021674023821554e-44
2.372372372372372418e+00 3.373950847897508325e-44
2.382382382382382424e+00 3.409653753088101034e-44
2.392392392392392431e+00 3.269191967904807083e-44
2.402402402402402437e+00 3.135625079287083950e-44
2.412412412412412444e+00 3.168389982504396918e-44
2.422422422422422450e+00 3.039868252774468064e-44
2.432432432432432456e+00 3.071369242620228135e-44
2.442442442442442463e+00 2.947668596751184825e-44
2.452452452452452469e+00 2.977963015185338993e-44
2.462462462462462476e+00 2.858870773464969425e-44
2.472472472472472482e+00 2.888012976159027027e-44
2.482482482482482489e+00 2.773327204380015054e-44
2.492492492492492495e+00 2.801368735793915362e-44
2.502502502502502502e+00 2.690897637526060886e-44
2.512512512512512508e+00 2.717887394621522070e-44
2.522522522522522515e+00 2.611448738727304518e-44
2.532532532532532521e+00 2.637433124098031043e-44
2.542542542542542527e+00 2.534853708380111722e-44
2.552552552552552534e+00 2.559876773552474316e-44
2.562562562562562540e+00 2.460991925171661829e-44
2.572572572572572547e+00 2.485095504801864801e-44
2.582582582582582553e+00 2.389748608356478459e-44
2.592592592592592560e+00 2.412972445929185059e-44
2.602602602602602566e+00 2.321014498220510993e-44
2.612612612612612573e+00 2.343396363817681530e-44
2.622622622622622579e+00 2.254685558990664338e-44
2.632632632632632586e+00 2.276261359709623779e-44
2.642642642642642592e+00 2.190662700542478702e-44
2.652652652652652598e+00 2.211466584076815634e-44
2.662662662662662605e+00 2.128851513416146217e-44
2.672672672672672611e+00 2.148915965234165843e-44
2.682682682682682618e+00 2.069162019144221816e-44
2.692692692692692624e+00 2.088517953695680977e-44
2.702702702702702631e+00 2.011508438064758193e-44
2.712712712712712637e+00 2.030185284444363154e-44
2.722722722722722644e+00 1.955808969643595354e-44
2.732732732732732650e+00 1.973834752071787774e-44
2.742742742742742657e+00 1.901985583878870833e-44
2.752752752752752663e+00 1.919386997328889820e-44
2.762762762762762669e+00 1.849963826270503655e-44
2.772772772772772676e+00 1.866766307576533598e-44
2.782782782782782682e+00 1.799672634219813324e-44
2.792792792792792689e+00 1.815900428964865211e-44
2.802802802802802695e+00 1.751044163086571737e-44
2.812812812812812702e+00 1.688947271835560999e-44
2.822822822822822708e+00 1.704013622464887167e-44
2.832832832832832715e+00 1.643958013128761834e-44
2.842842842842842721e+00 1.658519120522871930e-44
2.852852852852852727e+00 1.600425730443685294e-44
2.862862862862862734e+00 1.614501518504868883e-44
2.872872872872872740e+00 1.558294804871072428e-44
2.882882882882882747e+00 1.571904294136032337e-44
2.892892892892892753e+00 1.517512056063134152e-44
2.902902902902902760e+00 1.530673409923960996e-44
2.912912912912912766e+00 1.478026622008356582e-44
2.922922922922922773e+00 1.490757190305544091e-44
2.932932932932932779e+00 1.439789845920171164e-44
2.942942942942942786e+00 1.452106206076436270e-44
2.952952952952952792e+00 1.402755167975543712e-44
2.962962962962962798e+00 1.414673163811939602e-44
2.972972972972972805e+00 1.366878024074765314e-44
2.982982982982982811e+00 1.378412802462224168e-44
2.992992992992992818e+00 1.332115749356333103e-44
3.003003003003002824e+00 1.343281794829581294e-44
3.013013013013012831e+00 1.298427486140674324e-44
3.023023023023022837e+00 1.309238653592836290e-44
3.033033033033032844e+00 1.265774098477545795e-44
3.043043043043042850e+00 1.276243644066251572e-44
3.053053053053052857e+00 1.234118091037400205e-44
3.063063063063062863e+00 1.244258701408635700e-44
3.073073073073072869e+00 1.203423530467236737e-44
3.083083083083082876e+00 1.213247350382972907e-44
3.093093093093092882e+00 1.173655971827042584e-44
3.103103103103102889e+00 1.183174630299970717e-44
3.113113113113112895e+00 1.144782390032878513e-44
3.123123123123122902e+00 1.154007025066364664e-44
3.133133133133132908e+00 1.116771113643521369e-44
3.143143143143142915e+00 1.125712395649119274e-44
3.153153153153152921e+00 1.089591762142358694e-44
3.163163163163162928e+00 1.098259916113200915e-44
3.173173173173172934e+00 1.063215186684436109e-44
3.183183183183182940e+00 1.071620013199096827e-44
3.193193193193192947e+00 1.037613413357941021e-44
3.203203203203202953e+00 1.004890473546744245e-44
3.213213213213213404e+00 1.012759590045090820e-44
3.223223223223223410e+00 9.809937752282535118e-45
3.233233233233233417e+00 9.886279357937164991e-45
3.243243243243243423e+00 9.577862503731125026e-45
3.253253253253253430e+00 9.651936924118294256e-45
3.263263263263263436e+00 9.352444500782244111e-45
3.273273273273273443e+00 9.424330788027645932e-45
3.283283283283283449e+00 9.133458438207380622e-45
3.293293293293293456e+00 9.203232473867290110e-45
3.303303303303303462e+00 8.920687789811594386e-45
3.313313313313313468e+00 8.988422428568476905e-45
3.323323323323323475e+00 8.713924419871909084e-45
3.333333333333333481e+00 8.779689625959586631e-45
3.343343343343343488e+00 8.512968215164279237e-45
3.353353353353353494e+00 8.576831191938857430e-45
3.363363363363363501e+00 8.317626741383691802e-45
3.373373373373373507e+00 8.379652054467547104e-45
3.383383383383383514e+00 8.127714906632417047e-45
3.393393393393393520e+00 8.187964600912265658e-45
3.403403403403403527e+00 7.943054642591607029e-45
3.413413413413413533e+00 8.001588353418402500e-45
3.423423423423423539e+00 7.763474608699890593e-45
3.433433433433433546e+00 7.820349667662969018e-45
3.443443443443443552e+00 7.588809903447062849e-45
3.453453453453453559e+00 7.644081438964020969e-45
3.463463463463463565e+00 7.418901787768837329e-45
3.473473473473473572e+00 7.472622820759005788e-45
3.483483483483483578e+00 7.253597429560230639e-45
3.493493493493493585e+00 7.305818964523627853e-45
3.503503503503503591e+00 7.092749654494006623e-45
3.513513513513513598e+00 7.143520766198799130e-45
3.523523523523523604e+00 6.936216704168899075e-45
3.533533533533533610e+00 6.985584620149554138e-45
3.543543543543543617e+00 6.783862014349983059e-45
3.553553553553553623e+00 6.831872193500632273e-45
3.563563563563563630e+00 6.635554003793792837e-45
3.573573573573573636e+00 6.682250211263169382e-45
3.583583583583583643e+00 6.491165867753264272e-45
3.593593593593593649e+00 6.536590246298219255e-45
3.603603603603603656e+00 6.350575375618280361e-45
3.613613613613613662e+00 6.170841502756314144e-45
3.623623623623623669e+00 6.213664686464250062e-45
3.633633633633633675e+00 6.038645742008768743e-45
3.643643643643643681e+00 6.080320177334294415e-45
3.653653653653653688e+00 5.909870488677018971e-45
3.663663663663663694e+00 5.950432266768018536e-45
3.673673673673673701e+00 5.784411343152830174e-45
3.683683683683683707e+00 5.823895251284550311e-45
3.693693693693693714e+00 5.662167580900680735e-45
3.703703703703703720e+00 5.700607155750807641e-45
3.713713713713713727e+00 5.543042002379936201e-45
3.723723723723723733e+00 5.580469580851426183e-45
3.733733733733733740e+00 5.426940791703162334e-45
3.743743743743743746e+00 5.463387559432570600e-45
3.753753753753753752e+00 5.313773387608659644e-45
3.763763763763763759e+00 5.349269425316426349e-45
3.773773773773773765e+00 5.203452354660107506e-45
3.783783783783783772e+00 5.238026682413133550e-45
3.793793793793793778e+00 5.095893260569825180e-45
3.803803803803803785e+00 5.129573880063060009e-45
3.813813813813813791e+00 4.991014560295185695e-45
3.823823823823823798e+00 5.023828495259256724e-45
3.833833833833833804e+00 4.888737482697171449e-45
3.843843843843843811e+00 4.920710817507649193e-45
3.853853853853853817e+00 4.788985924345009294e-45
3.863863863863863823e+00 4.820143840935955598e-45
3.873873873873873830e+00 4.691686347578808620e-45
3.883883883883883836e+00 4.722053160740864351e-45
3.893893893893893843e+00 4.596767683648209695e-45
3.903903903903903849e+00 4.626366874793821216e-45
3.913913913913913856e+00 4.504161239858592233e-45
3.923923923923923862e+00 4.533015489327195909e-45
3.933933933933933869e+00 4.413800607462492539e-45
3.943943943943943875e+00 4.441931825415066128e-45
3.953953953953953881e+00 4.325621575720812343e-45
3.963963963963963888e+00 4.353050931705849973e-45
3.973973973973973894e+00 4.239562049046488103e-45
3.983983983983983901e+00 4.266310000297096829e-45
3.993993993993993907e+00 4.155561969864135509e-45
4.004004004004004358e+00 4.048214444468254699e-45
4.014014014014014364e+00 4.073563244519702673e-45
4.024024024024024371e+00 3.968782119196388274e-45
4.034034034034034377e+00 3.993509666661133471e-45
4.044044044044044384e+00 3.891222780899795624e-45
4.054054054054054390e+00 3.915346849988677124e-45
4.064064064064064397e+00 3.815484381507813533e-45
4.074074074074074403e+00 3.839022162188839555e-45
4.084084084084084409e+00 3.741516539186206858e-45
4.094094094094094416e+00 3.764484658889856416e-45
4.104104104104104422e+00 3.669270480953500051e-45
4.114114114114114429e+00 3.691685025397147470e-45
4.124124124124124435e+00 3.598698982244737345e-45
4.134134134134134442e+00 3.620575515383298841e-45
4.144144144144144448e+00 3.529756309598886714e-45
4.154154154154154455e+00 3.551109892745988202e-45
4.164164164164164461e+00 3.462398170011230715e-45
4.174174174174174468e+00 3.483243380194983944e-45
4.184184184184184474e+00 3.396581660984520434e-45
4.194194194194194480e+00 3.416932608564101356e-45
4.204204204204204487e+00 3.332265218680374159e-45
4.214214214214214493e+00 3.352135564233244008e-45
4.224224224224224500e+00 3.269408570190332101e-45
4.234234234234234506e+00 3.288811540715308868e-45
4.244244244244244513e+00 3.207972690381261064e-45
4.254254254254254519e+00 3.226921094863887494e-45
4.264264264264264526e+00 3.147919756544390080e-45
4.274274274274274532e+00 3.166426000889645038e-45
4.284284284284284539e+00 3.089213106647652961e-45
4.294294294294294545e+00 3.107289208018888195e-45
4.304304304304304551e+00 3.031817198965520807e-45
4.314314314314314558e+00 3.049474799554225802e-45
4.324324324324324564e+00 2.975697574338465451e-45
4.334334334334334571e+00 2.992947954595956771e-45
4.344344344344344577e+00 2.920820817959721421e-45
4.354354354354354584e+00 2.937674909302923794e-45
4.364364364364364590e+00 2.867154521587730149e-45
4.374374374374374597e+00 2.883622918595993926e-45
4.384384384384384603e+00 2.814667253424467778e-45
4.394394394394394610e+00 2.830760225585227124e-45
4.404404404404404616e+00 2.763328523452109697e-45
4.414414414414414622e+00 2.697789140218107468e-45
4.424424424424424629e+00 2.713108748780822764e-45
4.434434434434434635e+00 2.649004671008820207e-45
4.444444444444444642e+00 2.663979225911153602e-45
4.454454454454454648e+00 2.601273564865477441e-45
4.464464464464464655e+00 2.615912100682022439e-45
4.474474474474474661e+00 2.554569057989893763e-45
4.484484484484484668e+00 2.568880337885698830e-45
4.494494494494494674e+00 2.508865171241615908e-45
4.504504504504504681e+00 2.522857696192269868e-45
4.514514514514514687e+00 2.464136684354398520e-45
4.524524524524524693e+00 2.477818702018184064e-45
4.534534534534534700e+00 2.420359108816418393e-45
4.544544544544544706e+00 2.433738622060364801e-45
4.554554554554554713e+00 2.377508664901495963e-45
4.564564564564564719e+00 2.390593440013333237e-45
4.574574574574574726e+00 2.335562258792846519e-45
4.584584584584584732e+00 2.348359833387622591e-45
4.594594594594594739e+00 2.294497460511600764e-45
4.604604604604604745e+00 2.307015151145346840e-45
4.614614614614614752e+00 2.254292480951221520e-45
4.624624624624624758e+00 2.266537390444451607e-45
4.634634634634634764e+00 2.214926150413679960e-45
4.644644644644644771e+00 2.226905174900374202e-45
4.654654654654654777e+00 2.176377901591427994e-45
4.664664664664664784e+00 2.188097737324540537e-45
4.674674674674674790e+00 2.138627749512639399e-45
4.684684684684684797e+00 2.150094899416110799e-45
4.694694694694694803e+00 2.101656271070695034e-45
4.704704704704704810e+00 2.112877051042249386e-45
4.714714714714714816e+00 2.065444587160577510e-45
4.724724724724724823e+00 2.076425132145517916e-45
4.734734734734734829e+00 2.029974346351003987e-45
4.744744744744744835e+00 2.040720616200963629e-45
4.754754754754754842e+00 1.995227709380197128e-45
4.764764764764764848e+00 2.005745494506617656e-45
4.774774774774774855e+00 1.961187331973029106e-45
4.784784784784784861e+00 1.971482258791736756e-45
4.794794794794794868e+00 1.927836347754883718e-45
4.804804804804804874e+00 1.885323612513702189e-45
4.814814814814814881e+00 1.895158354457688983e-45
4.824824824824824887e+00 1.853508801667036918e-45
4.834834834834834894e+00 1.863137400677060597e-45
4.844844844844844900e+00 1.822330515867174352e-45
4.854854854854854906e+00 1.831757971173424094e-45
4.864864864864864913e+00 1.791773800101160596e-45
4.874874874874874919e+00 1.801004972071981592e-45
4.884884884884884926e+00 1.761824103892387335e-45
4.894894894894894932e+00 1.770863718389800919e-45
4.904904904904904939e+00 1.732467270004560813e-45
4.914914914914914945e+00 1.741319922593044647e-45
4.924924924924924952e+00 1.703689521689545600e-45
4.934934934934934958e+00 1.712359681694239914e-45
4.944944944944944965e+00 1.675477451480776339e-45
4.954954954954954971e+00 1.683969465906616674e-45
4.964964964964964977e+00 1.647818009819669600e-45
4.974974974974974984e+00 1.656136107133970719e-45
4.984984984984984990e+00 1.620698492958511878e-45
4.994994994994994997e+00 1.628846786736664641e-45
5.005005005005005003e+00 1.594106533302568888e-45
5.015015015015015010e+00 1.602089025752352542e-45
5.025025025025025016e+00 1.568030090988914290e-45
5.035035035035035023e+00 1.575850676362492355e-45
5.045045045045045029e+00 1.542457443306449606e-45
5.055055055055055035e+00 1.550119911192016695e-45
5.065065065065065042e+00 1.517377173841741199e-45
5.075075075075075048e+00 1.524885212336307136e-45
5.085085085085085055e+00 1.492778163968843078e-45
5.095095095095095061e+00 1.500135362746532578e-45
5.105105105105105068e+00 1.468649584707629860e-45
5.115115115115115074e+00 1.475859437987755586e-45
5.125125125125125081e+00 1.444980887377199965e-45
5.135135135135135087e+00 1.452046796788583593e-45
5.145145145145145094e+00 1.421761796147518753e-45
5.155155155155155100e+00 1.428687073500715465e-45
5.165165165165165106e+00 1.398982301357146280e-45
5.175175175175175113e+00 1.405770171330452486e-45
5.185185185185185119e+00 1.376632647935576246e-45
5.195195195195195126e+00 1.383286250653144075e-45
5.205205205205205132e+00 1.354703329496152474e-45
5.215215215215215139e+00 1.326809269471682756e-45
5.225225225225225145e+00 1.333185084608331998e-45
5.235235235235235152e+00 1.305817971810904393e-45
5.245245245245245158e+00 1.312068885560081007e-45
5.255255255255255165e+00 1.285217104981725274e-45
5.265265265265265171e+00 1.291345932182408995e-45
5.275275275275275177e+00 1.264998164774316138e-45
5.285285285285285184e+00 1.271007647772450385e-45
5.295295295295295190e+00 1.245152859677326189e-45
5.305305305305305197e+00 1.251045670430287969e-45
5.315315315315315203e+00 1.225673104804521533e-45
5.325325325325325210e+00 1.231451846917272435e-45
5.335335335335335216e+00 1.206551017697642187e-45
5.345345345345345223e+00 1.212218228400908260e-45
5.355355355355355229e+00 1.187778911717996243e-45
5.365365365365365236e+00 1.193337063778495187e-45
5.375375375375375242e+00 1.169349289977144511e-45
5.385385385385385248e+00 1.174800793543900793e-45
5.395395395395395255e+00 1.151254840521408703e-45
5.405405405405405261e+00 1.156602044915395361e-45
5.415415415415415268e+00 1.133488431274379001e-45
5.425425425425425274e+00 1.138733626721632066e-45
5.435435435435435281e+00 1.116043105431923509e-45
5.445445445445445287e+00 1.121188524743465359e-45
5.455455455455455294e+00 1.098912075841081841e-45
5.465465465465465300e+00 1.103959896036153975e-45
5.475475475475475307e+00 1.082088719801013557e-45
5.485485485485485313e+00 1.087041063676804198e-45
5.495495495495495319e+00 1.065566576015465297e-45
5.505505505505505326e+00 1.070425513674303924e-45
5.515515515515515332e+00 1.049339339911936776e-45
5.525525525525525339e+00 1.054106890239470593e-45
5.535535535535535345e+00 1.033400857744027141e-45
5.545545545545545352e+00 1.038078989833932040e-45
5.555555555555555358e+00 1.017745123826587716e-45
5.565565565565565365e+00 1.022335758367103063e-45
5.575575575575575371e+00 1.002366277039494176e-45
5.585585585585585378e+00 1.006871287659318045e-45
5.595595595595595384e+00 9.872585957460570423e-46
5.605605605605605390e+00 9.680888790218443198e-46
5.615615615615615397e+00 9.724164942558570007e-46
5.625625625625625403e+00 9.535869220263085391e-46
5.635635635635635410e+00 9.578345193561606436e-46
5.645645645645645416e+00 9.393380755020232585e-46
5.655655655655655423e+00 9.435073466204926830e-46
5.665665665665665429e+00 9.253371817014436297e-46
5.675675675675675436e+00 9.294297775326683509e-46
5.685685685685685442e+00 9.115792039189056319e-46
5.695695695695695449e+00 9.155967357268026067e-46
5.705705705705705455e+00 8.980592220653036233e-46
5.715715715715715461e+00 9.020032625230863764e-46
5.725725725725725468e+00 8.847724316689972175e-46
5.735735735735735474e+00 8.886445159055949963e-46
5.745745745745745481e+00 8.717141405511885526e-46
5.755755755755755487e+00 8.755157671649154634e-46
5.765765765765765494e+00 8.588797637562237237e-46
5.775775775775775500e+00 8.626123957887909261e-46
5.785785785785785507e+00 8.462648225349523123e-46
5.795795795795795513e+00 8.499298884242069908e-46
5.805805805805805520e+00 8.338649416401128462e-46
5.815815815815815526e+00 8.374638361446541310e-46
5.825825825825825532e+00 8.216758461641134972e-46
5.835835835835835539e+00 8.252099312584011811e-46
5.845845845845845545e+00 8.096933594305620247e-46
5.855855855855855552e+00 8.131639651756419494e-46
5.865865865865865558e+00 7.979133993737546915e-46
5.875875875875875565e+00 8.013218247576383784e-46
5.885885885885885571e+00 7.863319761505661477e-46
5.895895895895895578e+00 7.896794899041348425e-46
5.905905905905905584e+00 7.749451907253240882e-46
5.915915915915915591e+00 7.782330321183827872e-46
5.925925925925925597e+00 7.637492330599522950e-46
5.935935935935935603e+00 7.669786126761672137e-46
5.945945945945945610e+00 7.527403786046273430e-46
5.955955955955955616e+00 7.559124790886113458e-46
5.965965965965965623e+00 7.419149855237873959e-46
5.975975975975975629e+00 7.450309623039838092e-46
5.985985985985985636e+00 7.312694938053011908e-46
5.995995995995995642e+00 7.343304758010375089e-46
6.006006006006005649e+00 7.208004230470718757e-46
6.016016016016015655e+00 7.075574461589162874e-46
6.026026026026025662e+00 7.105043707269412169e-46
6.036036036036035668e+00 6.974826928965948143e-46
6.046046046046045674e+00 7.003780098468926449e-46
6.056056056056055681e+00 6.875733508633488818e-46
6.066066066066065687e+00 6.904180861909683275e-46
6.076076076076075694e+00 6.778262611599598733e-46
6.086086086086085700e+00 6.806214176794276093e-46
6.096096096096095707e+00 6.682383345349589873e-46
6.106106106106105713e+00 6.709848924714231626e-46
6.116116116116115720e+00 6.588065488773258425e-46
6.126126126126125726e+00 6.615054664377398155e-46
6.136136136136135732e+00 6.495279482298004687e-46
6.146146146146145739e+00 6.521801621607504739e-46
6.156156156156155745e+00 6.403996410475364572e-46
6.166166166166165752e+00 6.430060671768979890e-46
6.176176176176175758e+00 6.314187984973040575e-46
6.186186186186185765e+00 6.339803322602113551e-46
6.196196196196195771e+00 6.225826531209175679e-46
6.206206206206205778e+00 6.251001700718192933e-46
6.216216216216215784e+00 6.138884970232924232e-46
6.226226226226225791e+00 6.163628533324499565e-46
6.236236236236235797e+00 6.053336802424283997e-46
6.246246246246245803e+00 6.077657131778844054e-46
6.256256256256255810e+00 5.969156098943209547e-46
6.266266266266265816e+00 5.993061382927249391e-46
6.276276276276275823e+00 5.886317489849999787e-46
6.286286286286285829e+00 5.909815737101714728e-46
6.296296296296295836e+00 5.804796142446932601e-46
6.306306306306305842e+00 5.827895186302683192e-46
6.316316316316315849e+00 5.724567747555751516e-46
6.326326326326325855e+00 5.747275250351861325e-46
6.336336336336335862e+00 5.645608517894413946e-46
6.346346346346345868e+00 5.667931975194508175e-46
6.356356356356355874e+00 5.567895171566274179e-46
6.366366366366365881e+00 5.589841916256894159e-46
6.376376376376375887e+00 5.491404908386805254e-46
6.386386386386385894e+00 5.512982114615617217e-46
6.396396396396395900e+00 5.416115410493943740e-46
6.406406406406405907e+00 5.321194550764296521e-46
6.416416416416416801e+00 5.342004831815903972e-46
6.426426426426426808e+00 5.248589463926244327e-46
6.436436436436436814e+00 5.269051779288946455e-46
6.446446446446446821e+00 5.177114400861960964e-46
6.456456456456456827e+00 5.197235306176638815e-46
6.466466466466466834e+00 5.106748991580127729e-46
6.476476476476476840e+00 5.126534902605954056e-46
6.486486486486486847e+00 5.037473288345661885e-46
6.496496496496496853e+00 5.056930484319989552e-46
6.506506506506506859e+00 4.969267754006824189e-46
6.516516516516516866e+00 4.988402380908390699e-46
6.526526526526526872e+00 4.902113251248237974e-46
6.536536536536536879e+00 4.920931324968989682e-46
6.546546546546546885e+00 4.835991035896398784e-46
6.556556556556556892e+00 4.854498445339151551e-46
6.566566566566566898e+00 4.770882753505973228e-46
6.576576576576576905e+00 4.789085263621777498e-46
6.586586586586586911e+00 4.706770424546335827e-46
6.596596596596596918e+00 4.724673679269265413e-46
6.606606606606606924e+00 4.643636428616711854e-46
6.616616616616616930e+00 4.661245953694298202e-46
6.626626626626626937e+00 4.581463502522122132e-46
6.636636636636636943e+00 4.598784708295694088e-46
6.646646646646646950e+00 4.520234736151729108e-46
6.656656656656656956e+00 4.537272920279304145e-46
6.666666666666666963e+00 4.459933562723240609e-46
6.676676676676676969e+00 4.476693912824823606e-46
6.686686686686686976e+00 4.400543749696141497e-46
6.696696696696696982e+00 4.417031345925334465e-46
6.706706706706706989e+00 4.342049388753564747e-46
6.716716716716716995e+00 4.358269206293324217e-46
6.726726726726727001e+00 4.284434888209034323e-46
6.736736736736737008e+00 4.300391799701969619e-46
6.746746746746747014e+00 4.227684967000539789e-46
6.756756756756757021e+00 4.243383744920814523e-46
6.766766766766767027e+00 4.171784653301875118e-46
6.776776776776777034e+00 4.187229972286840329e-46
6.786786786786787040e+00 4.116719274391686498e-46
6.796796796796797047e+00 4.131915713501682309e-46
6.806806806806807053e+00 4.062474442385475146e-46
6.816816816816817060e+00 3.994356329915524611e-46
6.826826826826827066e+00 4.009036052665841701e-46
6.836836836836837072e+00 3.941945641945764968e-46
6.846846846846847079e+00 3.956390280801065309e-46
6.856856856856857085e+00 3.890309819318317999e-46
6.866866866866867092e+00 3.904523579605912835e-46
6.876876876876877098e+00 3.839435663219575409e-46
6.886886886886887105e+00 3.853422665415902775e-46
6.896896896896897111e+00 3.789310226729653244e-46
6.906906906906907118e+00 3.803074508361536704e-46
6.916916916916917124e+00 3.739920820284312950e-46
6.926926926926927131e+00 3.753466337822448567e-46
6.936936936936937137e+00 3.691255000148907172e-46
6.946946946946947143e+00 3.704585630832387024e-46
6.956956956956957150e+00 3.643300560895481596e-46
6.966966966966967156e+00 3.656420104502930046e-46
6.976976976976977163e+00 3.596045537378517734e-46
6.986986986986987169e+00 3.608957717980900137e-46
6.996996996996997176e+00 3.549478195023495202e-46
7.007007007007007182e+00 3.562186662677044097e-46
7.017017017017017189e+00 3.503587023444191531e-46
7.027027027027027195e+00 3.516095355836365397e-46
7.037037037037037202e+00 3.458360733556936188e-46
7.047047047047047208e+00 3.470672437618680969e-46
7.057057057057057214e+00 3.413788249516620857e-46
7.067067067067067221e+00 3.425906762983099468e-46
7.077077077077077227e+00 3.369858708264686830e-46
7.087087087087087234e+00 3.381787401212315314e-46
7.097097097097097240e+00 3.326561458311800543e-46
7.107107107107107247e+00 3.338303634669280969e-46
7.117117117117117253e+00 3.283886045511743885e-46
7.127127127127127260e+00 3.295444944499755434e-46
7.137137137137137266e+00 3.241822211877741860e-46
7.147147147147147273e+00 3.253201009424258689e-46
7.157157157157157279e+00 3.200359898829004983e-46
7.167167167167167285e+00 3.211561708976164406e-46
7.177177177177177292e+00 3.159489237010247336e-46
7.187187187187187298e+00 3.170517113266039692e-46
7.197197197197197305e+00 3.119200539535723316e-46
7.207207207207207311e+00 3.068817580872984462e-46
7.217217217217217318e+00 3.079484299642770103e-46
7.227227227227227324e+00 3.029829191916189678e-46
7.237237237237237331e+00 3.040331190696709065e-46
7.247247247247247337e+00 2.991391967149157367e-46
7.257257257257257343e+00 3.001732062100909372e-46
7.267267267267267350e+00 2.953496977712555873e-46
7.277277277277277356e+00 2.963677930919434058e-46
7.287287287287287363e+00 2.916135461563358132e-46
7.297297297297297369e+00 2.926159982200954970e-46
7.307307307307307376e+00 2.879298819377753873e-46
7.317317317317317382e+00 2.889169564851607809e-46
7.327327327327327389e+00 2.842978608117392320e-46
7.337337337337337395e+00 2.852698185163663759e-46
7.347347347347347402e+00 2.807166542530167338e-46
7.357357357357357408e+00 2.816737508306429766e-46
7.367367367367367414e+00 2.771854487688693767e-46
7.377377377377377421e+00 2.781279350824511747e-46
7.387387387387387427e+00 2.737034457241183900e-46
7.397397397397397434e+00 2.746315678868514109e-46
7.407407407407407440e+00 2.702698615000182120e-46
7.417417417417417447e+00 2.711838609775205681e-46
7.427427427427427453e+00 2.668839264227178620e-46
7.437437437437437460e+00 2.677840401302210847e-46
7.447447447447447466e+00 2.635448847305954381e-46
7.457457457457457473e+00 2.644313451287178892e-46
7.467467467467467479e+00 2.602519946376025009e-46
7.477477477477477485e+00 2.611250298270499744e-46
7.487487487487487492e+00 2.570045277922660465e-46
7.497497497497497498e+00 2.578643616054554779e-46
7.507507507507507505e+00 2.538017687865002311e-46
7.517517517517517511e+00 2.546486208763211321e-46
7.527527527527527518e+00 2.506430150149568921e-46
7.537537537537537524e+00 2.514771009418836849e-46
7.547547547547547531e+00 2.475275767868498651e-46
7.557557557557557537e+00 2.483491081052683672e-46
7.567567567567567544e+00 2.444547766795646308e-46
7.577577577577577550e+00 2.452639610208164436e-46
7.587587587587587556e+00 2.414239492540960838e-46
7.597597597597597563e+00 2.422209904074864609e-46
7.607607607607607569e+00 2.384344411548350886e-46
7.617617617617617576e+00 2.347137804108726583e-46
7.627627627627627582e+00 2.354856107398331605e-46
7.637637637637637589e+00 2.318165245116370052e-46
7.647647647647647595e+00 2.325768273986309804e-46
7.657657657657657602e+00 2.289585075217886546e-46
7.667667667667667608e+00 2.297074716575494018e-46
7.677677677677677615e+00 2.261391247831676535e-46
7.687687687687687621e+00 2.268769354081357585e-46
7.697697697697697627e+00 2.233577822339221943e-46
7.707707707707707634e+00 2.240846212086566915e-46
7.717717717717717640e+00 2.206138960002414357e-46
7.727727727727727647e+00 2.213299418735908790e-46
7.737737737737737653e+00 2.179068925017861385e-46
7.747747747747747660e+00 2.186123205785186201e-46
7.757757757757757666e+00 2.152362082435286877e-46
7.767767767767767673e+00 2.159311906504166824e-46
7.777777777777777679e+00 2.126012895740260932e-46
7.787787787787787686e+00 2.132859953243005219e-46
7.797797797797797692e+00 2.100015925059421222e-46
7.807807807807807698e+00 2.106761875623424649e-46
7.817817817817817705e+00 2.074365823557643131e-46
7.827827827827827711e+00 2.081012296916258273e-46
7.837837837837837718e+00 2.049057339654507442e-46
7.847847847847847724e+00 2.055605936257196517e-46
7.857857857857857731e+00 2.024085312103578968e-46
7.867867867867867737e+00 2.030537603702592100e-46
7.877877877877877744e+00 1.999444666605875472e-46
7.887887887887887750e+00 2.005802196824704081e-46
7.897897897897897757e+00 1.975130417461338465e-46
7.907907907907907763e+00 1.981394702361194403e-46
7.917917917917917769e+00 1.951137662987892749e-46
7.927927927927927776e+00 1.957310191612527841e-46
7.937937937937937782e+00 1.927461588815946872e-46
7.947947947947947789e+00 1.933543823739987297e-46
7.957957957957957795e+00 1.904097462780587310e-46
7.967967967967967802e+00 1.910090840634892998e-46
7.977977977977977808e+00 1.881040629006367136e-46
7.987987987987987815e+00 1.886946560978215950e-46
7.997997997997997821e+00 1.858286514318825374e-46
8.008008008008008716e+00 1.830106178996309080e-46
8.018018018018018722e+00 1.835830623561702620e-46
8.028028028028028729e+00 1.808027268151060026e-46
8.038038038038038735e+00 1.813668535040196445e-46
8.048048048048048742e+00 1.786236504000217535e-46
8.058058058058058748e+00 1.791795904232660578e-46
8.068068068068068754e+00 1.764729638440030414e-46
8.078078078078078761e+00 1.770208460078053559e-46
8.088088088088088767e+00 1.743502493966862800e-46
8.098098098098098774e+00 1.748902002561604641e-46
8.108108108108108780e+00 1.722550962439118461e-46
8.118118118118118787e+00 1.727872401467400460e-46
8.128128128128128793e+00 1.701871004058274747e-46
8.138138138138138800e+00 1.707115595350891317e-46
8.148148148148148806e+00 1.681458649707916258e-46
8.158158158158158813e+00 1.686627593879851252e-46
8.168168168168168819e+00 1.661309994451273508e-46
8.178178178178178825e+00 1.666404471306700863e-46
8.188188188188188832e+00 1.641421197243500647e-46
8.198198198198198838e+00 1.646442366174943947e-46
8.208208208208208845e+00 1.621788482567902594e-46
8.218218218218218851e+00 1.626737482955520841e-46
8.228228228228228858e+00 1.602408135991816706e-46
8.238238238238238864e+00 1.607286087584297001e-46
8.248248248248248871e+00 1.583276504764143403e-46
8.258258258258258877e+00 1.588084508056782963e-46
8.268268268268268884e+00 1.564389995682195902e-46
8.278278278278278890e+00 1.569129132283938611e-46
8.288288288288288896e+00 1.545745077667076811e-46
8.298298298298298903e+00 1.550416410670897948e-46
8.308308308308308909e+00 1.527338277619044161e-46
8.318318318318318916e+00 1.531942851955370999e-46
8.328328328328328922e+00 1.509166173919932612e-46
8.338338338338338929e+00 1.513705016686275395e-46
8.348348348348348935e+00 1.491225404212190140e-46
8.358358358358358942e+00 1.495699525022152506e-46
8.368368368368368948e+00 1.473512662789404374e-46
8.378378378378378954e+00 1.477923054109708251e-46
8.388388388388388961e+00 1.456024694297999535e-46
8.398398398398398967e+00 1.460372331762675649e-46
8.408408408408408974e+00 1.438758298615812038e-46
8.418418418418418980e+00 1.417492858839939007e-46
8.428428428428428987e+00 1.421710329776464868e-46
8.438438438438438993e+00 1.400720017665460520e-46
8.448448448448449000e+00 1.404877688057500626e-46
8.458458458458459006e+00 1.384158544017989585e-46
8.468468468468469013e+00 1.388257323099009467e-46
8.478478478478479019e+00 1.367805455827418595e-46
8.488488488488489025e+00 1.371846237574679156e-46
8.498498498498499032e+00 1.351657817980449909e-46
8.508508508508509038e+00 1.355641481397284374e-46
8.518518518518519045e+00 1.335712742024884977e-46
8.528528528528529051e+00 1.339640151418783855e-46
8.538538538538539058e+00 1.319967385472062051e-46
8.548548548548549064e+00 1.323839390727455317e-46
8.558558558558559071e+00 1.304418950359297262e-46
8.568568568568569077e+00 1.308236387202929981e-46
8.578578578578579084e+00 1.289064684708905364e-46
8.588588588588589090e+00 1.292828374976376632e-46
8.598598598598599096e+00 1.273901879407497587e-46
8.608608608608609103e+00 1.277612631297603136e-46
8.618618618618619109e+00 1.258927868883945511e-46
8.628628628628629116e+00 1.262586477212036110e-46
8.638638638638639122e+00 1.244140029926500985e-46
8.648648648648649129e+00 1.247747276371467694e-46
8.658658658658659135e+00 1.229535778757240743e-46
8.668668668668669142e+00 1.233092432097185168e-46
8.678678678678679148e+00 1.215112574199565039e-46
8.688688688688689155e+00 1.218619390553887071e-46
8.698698698698699161e+00 1.200867916566144623e-46
8.708708708708709167e+00 1.204325639631642082e-46
8.718718718718719174e+00 1.186799342445255009e-46
8.728728728728729180e+00 1.190208703714529897e-46
8.738738738738739187e+00 1.172904426429521174e-46
8.748748748748749193e+00 1.176266145411840319e-46
8.758758758758759200e+00 1.159180783532283277e-46
8.768768768768769206e+00 1.162495567978820760e-46
8.778778778778779213e+00 1.145626065906245233e-46
8.788788788788789219e+00 1.148894612023390628e-46
8.798798798798799226e+00 1.132237962674474930e-46
8.808808808808809232e+00 1.115841490466172784e-46
8.818818818818819238e+00 1.119014196920219917e-46
8.828828828828829245e+00 1.102823948469618322e-46
8.838838838838839251e+00 1.105952525286843752e-46
8.848848848848849258e+00 1.089965645386575766e-46
8.858858858858859264e+00 1.093050743136346876e-46
8.868868868868869271e+00 1.077264420604209557e-46
8.878878878878879277e+00 1.080306679344806705e-46
8.888888888888889284e+00 1.064718144543858798e-46
8.898898898898899290e+00 1.067718194004694540e-46
8.908908908908909297e+00 1.052324721762257083e-46
8.918918918918919303e+00 1.055283181532763939e-46
8.928928928928929309e+00 1.040082089467345297e-46
8.938938938938939316e+00 1.042999569179582355e-46
8.948948948948949322e+00 1.027988215950328464e-46
8.958958958958959329e+00 1.030865315455154946e-46
8.968968968968969335e+00 1.016041099548485602e-46
8.978978978978979342e+00 1.018878409086870355e-46
8.988988988988989348e+00 1.004238769343037316e-46
8.998998998998999355e+00 1.007036869717402547e-46
9.009009009009009361e+00 9.925792853279874911e-47
9.019019019019019368e+00 9.953387480721178824e-47
9.029029029029029374e+00 9.810607372192330206e-47
9.039039039039039380e+00 9.837821247629956441e-47
9.049049049049049387e+00 9.696812430077432874e-47
9.059059059059059393e+00 9.723651088359782961e-47
9.069069069069069400e+00 9.584389488395895695e-47
9.079079079079079406e+00 9.610858376489165699e-47
9.089089089089089413e+00 9.473320294303167635e-47
9.099099099099099419e+00 9.499424772853521405e-47
9.109109109109109426e+00 9.363586874352240229e-47
9.119119119119119432e+00 9.389332219213507143e-47
9.129129129129129439e+00 9.255171512336770872e-47
9.139139139139139445e+00 9.280562916020593139e-47
9.149149149149149451e+00 9.148056755216550455e-47
9.159159159159159458e+00 9.173099328342843520e-47
9.169169169169169464e+00 9.042225427261839517e-47
9.179179179179179471e+00 9.066924200032081201e-47
9.189189189189189477e+00 8.937660606759093533e-47
9.199199199199199484e+00 8.962020530350018870e-47
9.209209209209209490e+00 8.834345622996437078e-47
9.219219219219219497e+00 8.708605803616208154e-47
9.229229229229229503e+00 8.732264052219118117e-47
9.239239239239239510e+00 8.608065303032219444e-47
9.249249249249249516e+00 8.631399704987341620e-47
9.259259259259259522e+00 8.508721442889281565e-47
9.269269269269269529e+00 8.531736636535524734e-47
9.279279279279279535e+00 8.410558597860014897e-47
9.289289289289289542e+00 8.433259149316797308e-47
9.299299299299299548e+00 8.313561373564591019e-47
9.309309309309309555e+00 8.335951777976252862e-47
9.319319319319319561e+00 8.217714595242590033e-47
9.329329329329329568e+00 8.239799277978990055e-47
9.339339339339339574e+00 8.123003304947397881e-47
9.349349349349349581e+00 8.144786622784097537e-47
9.359359359359359587e+00 8.029412767511199851e-47
9.369369369369369593e+00 8.050899009812970936e-47
9.379379379379379600e+00 7.936928469522714193e-47
9.389389389389389606e+00 7.958121859411696041e-47
9.399399399399399613e+00 7.845536106738888842e-47
9.409409409409409619e+00 7.866440802216738002e-47
9.419419419419419626e+00 7.755221587723631669e-47
9.429429429429429632e+00 7.775841682791412816e-47
9.439439439439439639e+00 7.665971033484962014e-47
9.449449449449449645e+00 7.686310559250199030e-47
9.459459459459459651e+00 7.577770749770423789e-47
9.469469469469469658e+00 7.597833675469071531e-47
9.479479479479479664e+00 7.490607234015505979e-47
9.489489489489489671e+00 7.510397468041471340e-47
9.499499499499499677e+00 7.404467201309195278e-47
9.509509509509509684e+00 7.423988592301469760e-47
9.519519519519519690e+00 7.319337558727409195e-47
9.529529529529529697e+00 7.338593896578238221e-47
9.539539539539539703e+00 7.235205387623163850e-47
9.549549549549549710e+00 7.254200404429114078e-47
9.559559559559559716e+00 7.152057967388041556e-47
9.569569569569569722e+00 7.170795338453368750e-47
9.579579579579579729e+00 7.069882756063653576e-47
9.589589589589589735e+00 7.088366100842495315e-47
9.599599599599599742e+00 6.988667382717512954e-47
9.609609609609609748e+00 6.890441790115525073e-47
9.619619619619619755e+00 6.908399670017136200e-47
9.629629629629629761e+00 6.811352778380570800e-47
9.639639639639639768e+00 6.829067601677070180e-47
9.649649649649649774e+00 6.733184168068750090e-47
9.659659659659659781e+00 6.750659332868528442e-47
9.669669669669669787e+00 6.655924355061475579e-47
9.679679679679679793e+00 6.673163208295602464e-47
9.689689689689689800e+00 6.579561884846616179e-47
9.699699699699699806e+00 6.596567723078798493e-47
9.709709709709709813e+00 6.504085459082830150e-47
9.719719719719719819e+00 6.520861529327943804e-47
9.729729729729729826e+00 6.429483945668432025e-47
9.739739739739739832e+00 6.446033446228559736e-47
9.749749749749749839e+00 6.355746361758674039e-47
9.759759759759759845e+00 6.372072443006897021e-47
9.769769769769769852e+00 6.282861892327054065e-47
9.779779779779779858e+00 6.298967657530819180e-47
9.789789789789789864e+00 6.210819881320709297e-47
9.799799799799799871e+00 6.226708387434133641e-47
9.809809809809809877e+00 6.139609802468584130e-47
9.819819819819819884e+00 6.155284060842138384e-47
9.829829829829829890e+00 6.069221286915900198e-47
9.839839839839839897e+00 6.084684264069264349e-47
9.849849849849849903e+00 5.999644116732466308e-47
9.859859859859859910e+00 6.014898735103034894e-47
9.869869869869869916e+00 5.930868200738195159e-47
9.879879879879879923e+00 5.945917339360622764e-47
9.889889889889889929e+00 5.862883599894643114e-47
9.899899899899899935e+00 5.877730095137824392e-47
9.909909909909909942e+00 5.795680519056224527e-47
9.919919919919919948e+00 5.810327165331962437e-47
9.929929929929929955e+00 5.729249291349265896e-47
9.939939939939939961e+00 5.743698841774410247e-47
9.949949949949949968e+00 5.663580383653719994e-47
9.959959959959959974e+00 5.677835550719421626e-47
9.969969969969969981e+00 5.598664395765308821e-47
9.979979979979979987e+00 5.612727851997450713e-47
9.989989989989989994e+00 5.534492058871259212e-47
1.000000000000000000e+01 5.457386849471309954e-47
