1.000000000000000000e+00 3.354626279025144011e-03
1.019019019019018923e+00 3.619136952530277104e-03
1.038038038038038069e+00 3.903092071923053383e-03
1.057057057057056992e+00 4.207803789275541169e-03
1.076076076076076138e+00 4.534663551932593788e-03
1.095095095095095061e+00 4.885146201963839682e-03
1.114114114114114207e+00 5.260814238232216014e-03
1.133133133133133130e+00 5.663322244107539885e-03
1.152152152152152276e+00 6.094421483653151422e-03
1.171171171171171199e+00 6.555964668888424746e-03
1.190190190190190123e+00 7.049910900481027795e-03
1.209209209209209268e+00 7.578330783946105390e-03
1.228228228228228192e+00 8.143411723126886201e-03
1.247247247247247337e+00 8.747463392399861329e-03
1.266266266266266260e+00 9.392923388686328853e-03
1.285285285285285184e+00 1.008236306396209127e-02
1.304304304304304329e+00 1.081849353853407865e-02
1.323323323323323475e+00 1.160417189489848511e-02
1.342342342342342398e+00 1.244240755150837797e-02
1.361361361361361322e+00 1.333636881525661344e-02
1.380380380380380467e+00 1.428938961092540705e-02
1.399399399399399391e+00 1.530497638526276405e-02
1.418418418418418536e+00 1.638681518271990073e-02
1.437437437437437460e+00 1.753877888922169420e-02
1.456456456456456383e+00 1.876493463964300223e-02
1.475475475475475529e+00 2.006955138392867849e-02
1.494494494494494674e+00 2.145710760602247830e-02
1.513513513513513598e+00 2.293229918896104794e-02
1.532532532532532521e+00 2.450004741864404006e-02
1.551551551551551444e+00 2.616550711790764649e-02
1.570570570570570590e+00 2.793407490161304435e-02
1.589589589589589735e+00 2.981139754250543630e-02
1.608608608608608659e+00 3.180338043661352920e-02
1.627627627627627582e+00 3.391619615593648857e-02
1.646646646646646728e+00 3.615629307511173535e-02
1.665665665665665873e+00 3.853040405767255844e-02
1.684684684684684797e+00 4.104555518638934586e-02
1.703703703703703720e+00 4.370907452104672020e-02
1.722722722722722644e+00 4.652860086584043736e-02
1.741741741741741789e+00 4.951209252738754396e-02
1.760760760760760935e+00 5.266783604312942624e-02
1.779779779779779858e+00 5.600445485867949075e-02
1.798798798798798781e+00 5.953091793141778582e-02
1.817817817817817927e+00 6.325654823638013347e-02
1.836836836836836850e+00 6.719103114922064801e-02
1.855855855855855996e+00 7.134442267975465990e-02
1.874874874874874919e+00 7.572715752831871150e-02
1.893893893893893843e+00 8.035005693591068532e-02
1.912912912912912988e+00 8.522433629781496489e-02
1.931931931931932134e+00 9.036161250916532883e-02
1.950950950950951057e+00 9.577391100966593795e-02
1.969969969969969981e+00 1.014736724934846013e-01
1.988988988988989126e+00 1.074737592491428334e-01
2.008008008008007828e+00 1.137874610930856845e-01
2.027027027027027195e+00 1.204285008595046835e-01
2.046046046046046119e+00 1.274110394079139841e-01
2.065065065065065042e+00 1.347496801089852203e-01
2.084084084084084409e+00 1.424594727681736950e-01
2.103103103103102889e+00 1.505559169457920676e-01
2.122122122122122256e+00 1.590549646313685894e-01
2.141141141141141180e+00 1.679730222293774888e-01
2.160160160160160103e+00 1.773269518127930933e-01
2.179179179179179471e+00 1.871340716003375704e-01
2.198198198198198394e+00 1.974121556128457800e-01
2.217217217217217318e+00 2.081794324638079896e-01
2.236236236236236241e+00 2.194545832389085960e-01
2.255255255255255165e+00 2.312567384192618092e-01
2.274274274274274532e+00 2.436054738030508371e-01
2.293293293293293456e+00 2.565208053804162169e-01
2.312312312312312379e+00 2.700231831167303476e-01
2.331331331331331747e+00 2.841334835998164943e-01
2.350350350350350226e+00 2.988730015072671442e-01
2.369369369369369593e+00 3.142634398507641591e-01
2.388388388388388517e+00 3.303268989552078927e-01
2.407407407407407440e+00 3.470858641315724413e-01
2.426426426426426808e+00 3.645631920036477847e-01
2.445445445445445287e+00 3.827820954502964557e-01
2.464464464464464655e+00 4.017661271264906797e-01
2.483483483483483578e+00 4.215391615282060855e-01
2.502502502502502502e+00 4.421253755683118292e-01
2.521521521521521869e+00 4.635492276327810579e-01
2.540540540540540349e+00 4.858354350889988460e-01
2.559559559559559716e+00 5.090089502205715766e-01
2.578578578578578639e+00 5.330949345658514416e-01
2.597597597597597563e+00 5.581187316404681020e-01
2.616616616616616930e+00 5.841058380273617123e-01
2.635635635635635854e+00 6.110818728212822348e-01
2.654654654654654777e+00 6.390725454183623366e-01
2.673673673673673701e+00 6.681036216452108656e-01
2.692692692692692624e+00 6.982008882260252181e-01
2.711711711711711992e+00 7.293901155904453093e-01
2.730730730730730915e+00 7.616970190292968734e-01
2.749749749749749839e+00 7.951472182099744712e-01
2.768768768768769206e+00 8.297661950679665610e-01
2.787787787787787686e+00 8.655792500959786917e-01
2.806806806806807053e+00 9.026114570572091322e-01
2.825825825825825977e+00 9.408876161545162153e-01
2.844844844844844900e+00 9.804322056926682016e-01
2.863863863863864268e+00 1.021269332276273589e+00
2.882882882882882747e+00 1.063422679591641273e+00
2.901901901901902114e+00 1.106915455826519290e+00
2.920920920920921038e+00 1.151770339787371533e+00
2.939939939939939961e+00 1.198009425779795301e+00
2.958958958958959329e+00 1.245654167323468231e+00
2.977977977977978252e+00 1.294725319778984529e+00
2.996996996996997176e+00 1.345242881969878956e+00
3.016016016016016099e+00 1.397226036888997935e+00
3.035035035035035023e+00 1.450693091584339900e+00
3.054054054054054390e+00 1.505661416325287716e+00
3.073073073073073314e+00 1.562147383155930935e+00
3.092092092092092237e+00 1.620166303947903730e+00
3.111111111111111160e+00 1.679732368070659732e+00
3.130130130130130084e+00 1.740858579802610828e+00
3.149149149149149451e+00 1.803556695611783001e+00
3.168168168168168375e+00 1.867837161439750204e+00
3.187187187187187298e+00 1.933709050127498719e+00
3.206206206206206222e+00 2.001179999126496689e+00
3.225225225225225589e+00 2.070256148642679150e+00
3.244244244244244513e+00 2.140942080365146438e+00
3.263263263263263436e+00 2.213240756935227260e+00
3.282282282282282360e+00 2.287153462315009378e+00
3.301301301301301283e+00 2.362679743217621642e+00
3.320320320320320651e+00 2.439817351764316467e+00
3.339339339339339574e+00 2.518562189535776152e+00
3.358358358358358497e+00 2.598908253187066197e+00
3.377377377377377421e+00 2.680847581797159318e+00
3.396396396396396788e+00 2.764370206125073448e+00
3.415415415415415712e+00 2.849464099945266060e+00
3.434434434434434635e+00 2.936115133635075036e+00
3.453453453453453559e+00 3.024307030186589973e+00
3.472472472472472482e+00 3.114021323814475384e+00
3.491491491491491850e+00 3.205237321329831968e+00
3.510510510510510773e+00 3.297932066448200583e+00
3.529529529529529697e+00 3.392080307197352873e+00
3.548548548548548620e+00 3.487654466587329249e+00
3.567567567567567988e+00 3.584624616701653554e+00
3.586586586586586911e+00 3.682958456364335831e+00
3.605605605605605835e+00 3.782621292532585500e+00
3.624624624624624758e+00 3.883576025559665634e+00
3.643643643643643681e+00 3.985783138466495235e+00
3.662662662662663049e+00 4.089200690354036105e+00
3.681681681681681972e+00 4.193784314081425713e+00
3.700700700700700896e+00 4.299487218327242566e+00
3.719719719719719819e+00 4.406260194143049702e+00
3.738738738738739187e+00 4.514051626099703896e+00
3.757757757757758110e+00 4.622807508117690922e+00
3.776776776776777034e+00 4.732471464063043420e+00
3.795795795795795957e+00 4.842984773180129210e+00
3.814814814814814881e+00 4.954286400422043712e+00
3.833833833833834248e+00 5.066313031728163274e+00
3.852852852852853172e+00 5.178999114286951588e+00
3.871871871871872095e+00 5.292276901810256895e+00
3.890890890890891018e+00 5.406076504833020380e+00
3.909909909909909942e+00 5.520325946039901233e+00
3.928928928928929309e+00 5.634951220607353761e+00
3.947947947947948233e+00 5.749876361536714775e+00
3.966966966966967156e+00 5.865023509940560764e+00
3.985985985985986080e+00 5.980312990231069215e+00
4.005005005005005003e+00 6.095663390145602101e+00
4.024024024024024371e+00 6.210991645531059646e+00
4.043043043043043738e+00 6.326213129794750145e+00
4.062062062062062218e+00 6.441241747915924520e+00
4.081081081081080697e+00 6.555990034898343310e+00
4.100100100100100065e+00 6.670369258530726597e+00
4.119119119119119432e+00 6.784289526308432627e+00
4.138138138138138800e+00 6.897659896356563181e+00
4.157157157157157279e+00 7.010388492181498066e+00
4.176176176176176646e+00 7.122382621065262320e+00
4.195195195195195126e+00 7.233548895904559295e+00
4.214214214214214493e+00 7.343793360284410099e+00
4.233233233233233861e+00 7.453021616564486251e+00
4.252252252252252340e+00 7.561138956745253381e+00
4.271271271271271708e+00 7.668050495870227579e+00
4.290290290290290187e+00 7.773661307710500346e+00
4.309309309309309555e+00 7.877876562468322241e+00
4.328328328328328922e+00 7.980601666227366664e+00
4.347347347347347402e+00 8.081742401869284720e+00
4.366366366366366769e+00 8.181205071168497156e+00
4.385385385385385248e+00 8.278896637770335687e+00
4.404404404404404616e+00 8.374724870751782291e+00
4.423423423423423984e+00 8.468598488458589202e+00
4.442442442442443351e+00 8.560427302308372788e+00
4.461461461461461830e+00 8.650122360245577013e+00
4.480480480480480310e+00 8.737596089531590948e+00
4.499499499499499677e+00 8.822762438551480457e+00
4.518518518518519045e+00 8.905537017317932680e+00
4.537537537537538412e+00 8.985837236353072299e+00
4.556556556556556892e+00 9.063582443629700336e+00
4.575575575575575371e+00 9.138694059255543678e+00
4.594594594594594739e+00 9.211095707586757442e+00
4.613613613613614106e+00 9.280713346460917279e+00
4.632632632632633474e+00 9.347475393244277342e+00
4.651651651651651953e+00 9.411312847393839220e+00
4.670670670670670432e+00 9.472159409241250216e+00
4.689689689689689800e+00 9.529951594713008234e+00
4.708708708708709167e+00 9.584628845709909584e+00
4.727727727727728535e+00 9.636133635877719428e+00
4.746746746746747014e+00 9.684411571511207129e+00
4.765765765765765494e+00 9.729411487344503229e+00
4.784784784784784861e+00 9.771085536992366372e+00
4.803803803803804229e+00 9.809389277819345665e+00
4.822822822822823596e+00 9.844281750026929956e+00
4.841841841841842076e+00 9.875725549762510269e+00
4.860860860860860555e+00 9.903686896068434109e+00
4.879879879879879923e+00 9.928135691504321514e+00
4.898898898898899290e+00 9.949045576291455362e+00
4.917917917917918658e+00 9.966393975843976349e+00
4.936936936936937137e+00 9.980162141568092338e+00
4.955955955955956505e+00 9.990335184827406678e+00
4.974974974974974984e+00 9.996902103989533828e+00
4.993993993993994351e+00 9.999855804486749378e+00
5.013013013013013719e+00 9.999193111841012893e+00
5.032032032032032198e+00 9.994914777621566770e+00
5.051051051051051566e+00 9.987025478321291061e+00
5.070070070070070045e+00 9.975533807155974486e+00
5.089089089089089413e+00 9.960452258808601300e+00
5.108108108108108780e+00 9.941797207158813876e+00
5.127127127127127260e+00 9.919588876055364324e+00
5.146146146146146627e+00 9.893851303207052084e+00
5.165165165165165106e+00 9.864612297285047404e+00
5.184184184184184474e+00 9.831903388346516337e+00
5.203203203203203842e+00 9.795759771706261887e+00
5.222222222222222321e+00 9.756220245399358504e+00
5.241241241241241688e+00 9.713327141393685693e+00
5.260260260260260168e+00 9.667126250726624903e+00
5.279279279279279535e+00 9.617666742754941822e+00
5.298298298298298903e+00 9.565001078721190098e+00
5.317317317317317382e+00 9.509184919853472806e+00
5.336336336336336750e+00 9.450277030228276587e+00
5.355355355355356117e+00 9.388339174638394624e+00
5.374374374374374597e+00 9.323436011719143934e+00
5.393393393393393964e+00 9.255634982596935956e+00
5.412412412412412444e+00 9.185006195333917489e+00
5.431431431431431811e+00 9.111622305451389181e+00
5.450450450450451179e+00 9.035558392822863993e+00
5.469469469469469658e+00 8.956891835234705113e+00
5.488488488488489025e+00 8.875702178918711382e+00
5.507507507507507505e+00 8.792071006366327879e+00
5.526526526526526872e+00 8.706081801738573489e+00
5.545545545545546240e+00 8.617819814189408234e+00
5.564564564564564719e+00 8.527371919422730429e+00
5.583583583583584087e+00 8.434826479804833355e+00
5.602602602602602566e+00 8.340273203355030418e+00
5.621621621621621934e+00 8.243803001936621300e+00
5.640640640640641301e+00 8.145507848969590015e+00
5.659659659659659781e+00 8.045480636984102318e+00
5.678678678678679148e+00 7.943815035331081020e+00
5.697697697697698516e+00 7.840605348362359450e+00
5.716716716716716995e+00 7.735946374388160685e+00
5.735735735735736363e+00 7.629933265714267776e+00
5.754754754754754842e+00 7.522661390055078279e+00
5.773773773773774209e+00 7.414226193611455962e+00
5.792792792792793577e+00 7.304723066094899409e+00
5.811811811811812056e+00 7.194247207970768443e+00
5.830830830830831424e+00 7.082893500184434643e+00
5.849849849849849903e+00 6.970756376624435369e+00
5.868868868868869271e+00 6.857929699566284398e+00
5.887887887887888638e+00 6.744506638329982984e+00
5.906906906906907118e+00 6.630579551372667524e+00
5.925925925925926485e+00 6.516239872026186042e+00
5.944944944944944965e+00 6.401577998077227605e+00
5.963963963963964332e+00 6.286683185374798200e+00
5.982982982982983700e+00 6.171643445637296388e+00
6.002002002002002179e+00 6.056545448617924876e+00
6.021021021021021546e+00 5.941474428773990901e+00
6.040040040040040026e+00 5.826514096572049439e+00
6.059059059059059393e+00 5.711746554546943244e+00
6.078078078078078761e+00 5.597252218219228581e+00
6.097097097097097240e+00 5.483109741961428085e+00
6.116116116116116608e+00 5.369395949889713471e+00
6.135135135135135975e+00 5.256185771843953525e+00
6.154154154154154455e+00 5.143552184505038483e+00
6.173173173173173822e+00 5.031566157684985718e+00
6.192192192192192302e+00 4.920296605811847357e+00
6.211211211211211669e+00 4.809810344617971190e+00
6.230230230230231037e+00 4.700172053027444896e+00
6.249249249249249516e+00 4.591444240225483142e+00
6.268268268268268884e+00 4.483687217880222953e+00
6.287287287287287363e+00 4.376959077475268245e+00
6.306306306306306730e+00 4.271315672699366850e+00
6.325325325325326098e+00 4.166810606828473595e+00
6.344344344344344577e+00 4.063495225024199797e+00
6.363363363363363945e+00 3.961418611462303563e+00
6.382382382382382424e+00 3.860627591194710106e+00
6.401401401401401792e+00 3.761166736638840380e+00
6.420420420420421159e+00 3.663078378579069483e+00
6.439439439439439639e+00 3.566402621556310049e+00
6.458458458458459006e+00 3.471177363513686664e+00
6.477477477477478374e+00 3.377438319558715207e+00
6.496496496496496853e+00 3.285219049695164983e+00
6.515515515515516221e+00 3.194550990371367583e+00
6.534534534534534700e+00 3.105463489685761136e+00
6.553553553553554067e+00 3.017983846084789423e+00
6.572572572572573435e+00 2.932137350383639429e+00
6.591591591591591914e+00 2.847947330935631349e+00
6.610610610610611282e+00 2.765435201772375784e+00
6.629629629629629761e+00 2.684620513533469310e+00
6.648648648648649129e+00 2.605521007001537992e+00
6.667667667667668496e+00 2.528152669056336954e+00
6.686686686686686976e+00 2.452529790859595327e+00
6.705705705705706343e+00 2.378665028081073274e+00
6.724724724724724823e+00 2.306569462975460283e+00
6.743743743743744190e+00 2.236252668119211862e+00
6.762762762762763558e+00 2.167722771616643396e+00
6.781781781781782037e+00 2.100986523584887244e+00
6.800800800800801404e+00 2.036049363728337891e+00
6.819819819819819884e+00 1.972915489814426548e+00
6.838838838838839251e+00 1.911587926864176445e+00
6.857857857857858619e+00 1.852068596873097439e+00
6.876876876876877098e+00 1.794358388880199939e+00
6.895895895895896466e+00 1.738457229205661703e+00
6.914914914914915833e+00 1.684364151680633803e+00
6.933933933933934313e+00 1.632077367695856207e+00
6.952952952952953680e+00 1.581594335899328962e+00
6.971971971971972160e+00 1.532911831377047118e+00
6.990990990990991527e+00 1.486026014154692820e+00
7.010010010010010895e+00 1.440932496862510348e+00
7.029029029029029374e+00 1.397626411409841340e+00
7.048048048048048742e+00 1.356102474520420209e+00
7.067067067067067221e+00 1.316355051984264168e+00
7.086086086086086588e+00 1.278378221486749844e+00
7.105105105105105956e+00 1.242165833880590320e+00
7.124124124124124435e+00 1.207711572771382746e+00
7.143143143143143803e+00 1.175009012292686839e+00
7.162162162162162282e+00 1.144051672951862386e+00
7.181181181181181650e+00 1.114833075433180332e+00
7.200200200200201017e+00 1.087346792250257987e+00
7.219219219219219497e+00 1.061586497145229346e+00
7.238238238238238864e+00 1.037546012137650742e+00
7.257257257257257343e+00 1.015219352131686126e+00
7.276276276276276711e+00 9.946007669956581365e-01
7.295295295295296079e+00 9.756847810337143656e-01
7.314314314314314558e+00 9.584662297749270143e-01
7.333333333333333925e+00 9.429402940108080333e-01
7.352352352352353293e+00 9.291025310178512298e-01
7.371371371371371772e+00 9.169489029073426556e-01
7.390390390390391140e+00 9.064758020503346225e-01
7.409409409409409619e+00 8.976800735313301693e-01
7.428428428428428987e+00 8.905590345898215521e-01
7.447447447447448354e+00 8.851104910145141114e-01
7.466466466466466834e+00 8.813327504606525142e-01
7.485485485485486201e+00 8.792246326665065226e-01
7.504504504504504681e+00 8.787854765507057131e-01
7.523523523523524048e+00 8.800151441777068761e-01
7.542542542542543416e+00 8.829140215843077621e-01
7.561561561561561895e+00 8.874830164657325771e-01
7.580580580580581262e+00 8.937235527254234757e-01
7.599599599599599742e+00 9.016375618982819251e-01
7.618618618618619109e+00 9.112274714627388583e-01
7.637637637637638477e+00 9.224961900626201805e-01
7.656656656656656956e+00 9.354470896654279999e-01
7.675675675675676324e+00 9.500839846892645824e-01
7.694694694694694803e+00 9.664111081362600775e-01
7.713713713713714171e+00 9.844330847760123238e-01
7.732732732732733538e+00 1.004154901428166546e+00
7.751751751751752018e+00 1.025581874398920901e+00
7.770770770770771385e+00 1.048719614131886635e+00
7.789789789789790753e+00 1.073573987139342822e+00
7.808808808808809232e+00 1.100151075285606295e+00
7.827827827827828600e+00 1.128457132499834703e+00
7.846846846846847079e+00 1.158498539001182159e+00
7.865865865865866446e+00 1.190281753124872610e+00
7.884884884884885814e+00 1.223813260843256367e+00
7.903903903903904293e+00 1.259099523081516736e+00
7.922922922922923661e+00 1.296146920933158642e+00
7.941941941941942140e+00 1.334961698885844150e+00
7.960960960960961508e+00 1.375549906173598735e+00
7.979979979979980875e+00 1.417917336376630866e+00
7.998998998998999355e+00 1.462069465395361645e+00
8.018018018018018722e+00 1.508011387930331404e+00
8.037037037037038090e+00 1.555747752604701883e+00
8.056056056056057457e+00 1.605282695871055321e+00
8.075075075075076825e+00 1.656619774848909543e+00
8.094094094094094416e+00 1.709761899244046868e+00
8.113113113113113783e+00 1.764711262505247458e+00
8.132132132132133151e+00 1.821469272378222648e+00
8.151151151151150742e+00 1.880036481020779249e+00
8.170170170170170110e+00 1.940412514847016379e+00
8.189189189189189477e+00 2.002596004271956609e+00
8.208208208208208845e+00 2.066584513531595668e+00
8.227227227227228212e+00 2.132374470756233098e+00
8.246246246246247580e+00 2.199961098477937860e+00
8.265265265265266947e+00 2.269338344755437387e+00
8.284284284284284539e+00 2.340498815101933250e+00
8.303303303303303906e+00 2.413433705403204677e+00
8.322322322322323274e+00 2.488132736014715185e+00
8.341341341341340865e+00 2.564584087227745890e+00
8.360360360360360232e+00 2.642774336295065307e+00
8.379379379379379600e+00 2.722688396206942585e+00
8.398398398398398967e+00 2.804309456408302648e+00
8.417417417417418335e+00 2.887618925646985968e+00
8.436436436436437702e+00 2.972596377142163959e+00
8.455455455455457070e+00 3.059219496260290772e+00
8.474474474474474661e+00 3.147464030883982744e+00
8.493493493493494029e+00 3.237303744656684579e+00
8.512512512512513396e+00 3.328710373282750101e+00
8.531531531531530987e+00 3.421653584059261899e+00
8.550550550550550355e+00 3.516100938811568266e+00
8.569569569569569722e+00 3.612017860399854730e+00
8.588588588588589090e+00 3.709367602959152244e+00
8.607607607607608458e+00 3.808111226029126772e+00
8.626626626626627825e+00 3.908207572723967349e+00
8.645645645645647193e+00 4.009613252085776125e+00
8.664664664664666560e+00 4.112282625757614163e+00
8.683683683683684151e+00 4.216167799104422187e+00
8.702702702702703519e+00 4.321218616901788323e+00
8.721721721721721110e+00 4.427382663703411936e+00
8.740740740740740478e+00 4.534605268989175819e+00
8.759759759759759845e+00 4.642829517185304233e+00
8.778778778778779213e+00 4.751996262638363611e+00
8.797797797797798580e+00 4.862044149613656607e+00
8.816816816816817948e+00 4.972909637377609826e+00
8.835835835835837315e+00 5.084527030412113291e+00
8.854854854854856683e+00 5.196828513796820204e+00
8.873873873873874274e+00 5.309744193783099142e+00
8.892892892892893641e+00 5.423202143570812872e+00
8.911911911911913009e+00 5.537128454285946688e+00
8.930930930930930600e+00 5.651447291144337193e+00
8.949949949949949968e+00 5.766080954773085132e+00
8.968968968968969335e+00 5.880949947647690301e+00
8.987987987987988703e+00 5.995973045589527928e+00
9.007007007007008070e+00 6.111067374254182560e+00
9.026026026026027438e+00 6.226148490527491752e+00
9.045045045045045029e+00 6.341130468732196768e+00
9.064064064064064397e+00 6.455925991534349428e+00
9.083083083083083764e+00 6.570446445424635407e+00
9.102102102102103132e+00 6.684602020636446262e+00
9.121121121121122499e+00 6.798301815348695598e+00
9.140140140140140090e+00 6.911453944008267847e+00
9.159159159159159458e+00 7.023965649593931992e+00
9.178178178178178825e+00 7.135743419630609985e+00
9.197197197197198193e+00 7.246693105750833475e+00
9.216216216216217560e+00 7.356720046587820860e+00
9.235235235235235152e+00 7.465729193773254835e+00
9.254254254254254519e+00 7.573625240801682423e+00
9.273273273273273887e+00 7.680312754512693907e+00
9.292292292292293254e+00 7.785696308932322118e+00
9.311311311311312622e+00 7.889680621205367395e+00
9.330330330330330213e+00 7.992170689341666190e+00
9.349349349349349581e+00 8.093071931491316207e+00
9.368368368368368948e+00 8.192290326456168614e+00
9.387387387387388316e+00 8.289732555138646930e+00
9.406406406406407683e+00 8.385306142622695802e+00
9.425425425425425274e+00 8.478919600576785953e+00
9.444444444444444642e+00 8.570482569664687134e+00
9.463463463463464009e+00 8.659905961646080286e+00
9.482482482482483377e+00 8.747102100846978701e+00
9.501501501501502744e+00 8.831984864677929536e+00
9.520520520520520336e+00 8.914469822877466143e+00
9.539539539539539703e+00 8.994474375158493018e+00
9.558558558558559071e+00 9.071917886936281761e+00
9.577577577577578438e+00 9.146721822819102954e+00
9.596596596596597806e+00 9.218809877545275810e+00
9.615615615615617173e+00 9.288108104054524361e+00
9.634634634634634764e+00 9.354545038386390843e+00
9.653653653653654132e+00 9.418051821104294064e+00
9.672672672672673500e+00 9.478562314950416123e+00
9.691691691691692867e+00 9.536013218444479023e+00
9.710710710710712235e+00 9.590344175147707872e+00
9.729729729729729826e+00 9.641497878322816462e+00
9.748748748748749193e+00 9.689420170730988602e+00
9.767767767767768561e+00 9.734060139317799454e+00
9.786786786786787928e+00 9.775370204551864006e+00
9.805805805805807296e+00 9.813306204192487670e+00
9.824824824824824887e+00 9.847827471275760303e+00
9.843843843843844255e+00 9.878896906122523802e+00
9.862862862862863622e+00 9.906481042186046082e+00
9.881881881881882990e+00 9.930550105572377717e+00
9.900900900900902357e+00 9.951078068081994132e+00
9.919919919919919948e+00 9.968042693637341856e+00
9.938938938938939316e+00 9.981425577977534047e+00
9.957957957957958683e+00 9.991212181518241309e+00
9.976976976976978051e+00 9.997391855292178775e+00
9.995995995995997419e+00 9.999957859902949053e+00
1.001501501501501501e+01 9.998907377442817435e+00
1.003403403403403438e+01 9.994241516342802001e+00
1.005305305305305374e+01 9.985965309141462853e+00
1.007207207207207311e+01 9.974087703176744313e+00
1.009109109109109248e+01 9.958621544223237976e+00
1.011011011011011007e+01 9.939583553115102887e+00
1.012912912912912944e+01 9.916994295412708382e+00
1.014814814814814881e+01 9.890878144188580023e+00
1.016716716716716817e+01 9.861263236025605394e+00
1.018618618618618754e+01 9.828181420337454455e+00
1.020520520520520513e+01 9.791668202137840282e+00
1.022422422422422450e+01 9.751762678401503237e+00
1.024324324324324387e+01 9.708507468175612942e+00
1.026226226226226323e+01 9.661948636615459662e+00
1.028128128128128260e+01 9.612135613133153456e+00
1.030030030030030019e+01 9.559121103862059599e+00
1.031931931931931956e+01 9.502960998653163571e+00
1.033833833833833893e+01 9.443714272832394840e+00
1.035735735735735830e+01 9.381442883959847379e+00
1.037637637637637766e+01 9.316211663843226631e+00
1.039539539539539703e+01 9.248088206068281636e+00
1.041441441441441462e+01 9.177142749318594639e+00
1.043343343343343399e+01 9.103448056765955698e+00
1.045245245245245336e+01 9.027079291820500728e+00
1.047147147147147273e+01 8.948113890536708581e+00
1.049049049049049209e+01 8.866631430977587769e+00
1.050950950950950968e+01 8.782713499844607696e+00
1.052852852852852905e+01 8.696443556685002463e+00
1.054754754754754842e+01 8.607906795991782545e+00
1.056656656656656779e+01 8.517190007513736560e+00
1.058558558558558715e+01 8.424381435094545623e+00
1.060460460460460475e+01 8.329570634360468517e+00
1.062362362362362411e+01 8.232848329575638502e+00
1.064264264264264348e+01 8.134306269982923610e+00
1.066166166166166285e+01 8.034037085945710643e+00
1.068068068068068222e+01 7.932134145203278308e+00
1.069969969969969981e+01 7.828691409548159008e+00
1.071871871871871917e+01 7.723803292229245443e+00
1.073773773773773854e+01 7.617564516378818595e+00
1.075675675675675791e+01 7.510069974755045230e+00
1.077577577577577728e+01 7.401414591084634509e+00
1.079479479479479487e+01 7.291693183282249358e+00
1.081381381381381424e+01 7.181000328814751477e+00
1.083283283283283360e+01 7.069430232469309239e+00
1.085185185185185297e+01 6.957076596774230737e+00
1.087087087087087234e+01 6.844032495311328290e+00
1.088988988988988993e+01 6.730390249147533588e+00
1.090890890890890930e+01 6.616241306602039352e+00
1.092792792792792866e+01 6.501676126553601165e+00
1.094694694694694803e+01 6.386784065480065387e+00
1.096596596596596740e+01 6.271653268409925985e+00
1.098498498498498499e+01 6.156370563952632047e+00
1.100400400400400436e+01 6.041021363561219104e+00
1.102302302302302373e+01 5.925689565167687078e+00
1.104204204204204309e+01 5.810457461317661831e+00
1.106106106106106246e+01 5.695405651917629264e+00
1.108008008008008005e+01 5.580612961694090934e+00
1.109909909909909942e+01 5.466156362450318440e+00
1.111811811811811879e+01 5.352110900192801779e+00
1.113713713713713815e+01 5.238549627185591362e+00
1.115615615615615752e+01 5.125543538977487934e+00
1.117517517517517689e+01 5.013161516433459752e+00
1.119419419419419448e+01 4.901470272788575500e+00
1.121321321321321385e+01 4.790534305729657660e+00
1.123223223223223322e+01 4.680415854497423922e+00
1.125125125125125258e+01 4.571174861989065974e+00
1.127027027027027195e+01 4.462868941829565728e+00
1.128928928928928954e+01 4.355553350368099430e+00
1.130830830830830891e+01 4.249280963544580736e+00
1.132732732732732828e+01 4.144102258560725893e+00
1.134634634634634764e+01 4.040065300279185756e+00
1.136536536536536701e+01 3.937215732264719215e+00
1.138438438438438460e+01 3.835596772371658858e+00
1.140340340340340397e+01 3.735249212772943750e+00
1.142242242242242334e+01 3.636211424317771890e+00
1.144144144144144271e+01 3.538519365096624014e+00
1.146046046046046207e+01 3.442206593085420874e+00
1.147947947947947966e+01 3.347304282733554626e+00
1.149849849849849903e+01 3.253841245354303080e+00
1.151751751751751840e+01 3.161843953170667021e+00
1.153653653653653777e+01 3.071336566864218298e+00
1.155555555555555713e+01 2.982340966470394150e+00
1.157457457457457473e+01 2.894876785459495672e+00
1.159359359359359409e+01 2.808961447839315895e+00
1.161261261261261346e+01 2.724610208112646426e+00
1.163163163163163283e+01 2.641836193920382048e+00
1.165065065065065220e+01 2.560650451199522060e+00
1.166966966966966979e+01 2.481061991684022416e+00
1.168868868868868915e+01 2.403077842575820799e+00
1.170770770770770852e+01 2.326703098213369181e+00
1.172672672672672789e+01 2.251940973565110582e+00
1.174574574574574726e+01 2.178792859376431412e+00
1.176476476476476485e+01 2.107258378799791831e+00
1.178378378378378422e+01 2.037335445339466311e+00
1.180280280280280358e+01 1.969020321944645380e+00
1.182182182182182295e+01 1.902307681086989222e+00
1.184084084084084232e+01 1.837190665661901257e+00
1.185985985985985991e+01 1.773660950555975946e+00
1.187887887887887928e+01 1.711708804726733035e+00
1.189789789789789864e+01 1.651323153644828734e+00
1.191691691691691801e+01 1.592491641952984427e+00
1.193593593593593738e+01 1.535200696200594628e+00
1.195495495495495675e+01 1.479435587517633710e+00
1.197397397397397434e+01 1.425180494096490280e+00
1.199299299299299371e+01 1.372418563355511933e+00
1.201201201201201307e+01 1.321131973663494774e+00
1.203103103103103244e+01 1.271301995509676708e+00
1.205005005005005181e+01 1.222909052009595099e+00
1.206906906906906940e+01 1.175932778642800436e+00
1.208808808808808877e+01 1.130352082124234547e+00
1.210710710710710813e+01 1.086145198317025162e+00
1.212612612612612750e+01 1.043289749100226427e+00
1.214514514514514687e+01 1.001762798111093478e+00
1.216416416416416446e+01 9.615409052873306051e-01
1.218318318318318383e+01 9.226001801406515934e-01
1.220220220220220320e+01 8.849163336989408490e-01
1.222122122122122256e+01 8.484647290599759417e-01
1.224024024024024193e+01 8.132204305055452664e-01
1.225925925925925952e+01 7.791582511303739578e-01
1.227827827827827889e+01 7.462527989458213051e-01
1.229729729729729826e+01 7.144785214238099647e-01
1.231631631631631763e+01 6.838097484516476587e-01
1.233533533533533699e+01 6.542207336736778345e-01
1.235435435435435458e+01 6.256856942006520095e-01
1.237337337337337395e+01 5.981788486725716503e-01
1.239239239239239332e+01 5.716744536655041786e-01
1.241141141141141269e+01 5.461468384372800688e-01
1.243043043043043205e+01 5.215704380114212224e-01
1.244944944944944965e+01 4.979198246027247143e-01
1.246846846846846901e+01 4.751697373918928324e-01
1.248748748748748838e+01 4.532951106603828606e-01
1.250650650650650775e+01 4.322711003001375452e-01
1.252552552552552712e+01 4.120731087162776696e-01
1.254454454454454471e+01 3.926768081439367397e-01
1.256356356356356407e+01 3.740581624033709751e-01
1.258258258258258344e+01 3.561934471202402586e-01
1.260160160160160281e+01 3.390592684404304391e-01
1.262062062062062218e+01 3.226325802711805246e-01
1.263963963963963977e+01 3.068907000823715703e-01
1.265865865865865914e+01 2.918113233037692988e-01
1.267767767767767850e+01 2.773725363557824064e-01
1.269669669669669787e+01 2.635528283527928672e-01
1.271571571571571724e+01 2.503311015195334166e-01
1.273473473473473483e+01 2.376866803621363322e-01
1.275375375375375420e+01 2.255993196364868003e-01
1.277277277277277356e+01 2.140492111573742140e-01
1.279179179179179293e+01 2.030169894925640539e-01
1.281081081081081230e+01 1.924837365864667804e-01
1.282982982982983167e+01 1.824309853584190344e-01
1.284884884884884926e+01 1.728407223208125454e-01
1.286786786786786863e+01 1.636953892623814466e-01
1.288688688688688799e+01 1.549778840419198112e-01
1.290590590590590736e+01 1.466715605374902531e-01
1.292492492492492673e+01 1.387602277959224806e-01
1.294394394394394432e+01 1.312281484269708920e-01
1.296296296296296369e+01 1.240600362859984596e-01
1.298198198198198305e+01 1.172410534884521377e-01
1.300100100100100242e+01 1.107568067986851590e-01
1.302002002002002179e+01 1.045933434349211322e-01
1.303903903903903938e+01 9.873714633129311580e-02
1.305805805805805875e+01 9.317512889696798195e-02
1.307707707707707812e+01 8.789462931139759017e-02
1.309609609609609748e+01 8.288340439367992973e-02
1.311511511511511685e+01 7.812962308294708891e-02
1.313413413413413444e+01 7.362185956555789001e-02
1.315315315315315381e+01 6.934908608370693450e-02
1.317217217217217318e+01 6.530066545887716623e-02
1.319119119119119254e+01 6.146634336232265072e-02
1.321021021021021191e+01 5.783624036354678005e-02
1.322922922922922950e+01 5.440084378647209312e-02
1.324824824824824887e+01 5.115099940173496035e-02
1.326726726726726824e+01 4.807790298227245657e-02
1.328628628628628761e+01 4.517309174808408628e-02
1.330530530530530697e+01 4.242843572479330916e-02
1.332432432432432456e+01 3.983612903936344790e-02
1.334334334334334393e+01 3.738868117507115896e-02
1.336236236236236330e+01 3.507890820660564818e-02
1.338138138138138267e+01 3.289992403493167267e-02
1.340040040040040203e+01 3.084513164035992613e-02
1.341941941941941963e+01 2.890821437108300959e-02
1.343843843843843899e+01 2.708312728327994315e-02
1.345745745745745836e+01 2.536408854776608934e-02
1.347647647647647773e+01 2.374557093705888244e-02
1.349549549549549710e+01 2.222229340566524505e-02
1.351451451451451469e+01 2.078921277535413989e-02
1.353353353353353405e+01 1.944151553617287642e-02
1.355255255255255342e+01 1.817460977299613020e-02
1.357157157157157279e+01 1.698411722645520525e-02
1.359059059059059216e+01 1.586586549619944594e-02
1.360960960960961152e+01 1.481588039357257733e-02
1.362862862862862912e+01 1.383037844996070145e-02
1.364764764764764848e+01 1.290575958627534353e-02
1.366666666666666785e+01 1.203859994828246696e-02
1.368568568568568722e+01 1.122564491176685116e-02
1.370470470470470659e+01 1.046380226084325273e-02
1.372372372372372418e+01 9.750135542078557441e-03
1.374274274274274354e+01 9.081857596480004749e-03
1.376176176176176291e+01 8.456324270832229345e-03
1.378078078078078228e+01 7.871028309324160435e-03
1.379979979979980165e+01 7.323593425904455570e-03
1.381881881881881924e+01 6.811768557331105908e-03
1.383783783783783861e+01 6.333422296441905755e-03
1.385685685685685797e+01 5.886537504766348357e-03
1.387587587587587734e+01 5.469206103221004554e-03
1.389489489489489671e+01 5.079624039285673270e-03
1.391391391391391430e+01 4.716086428738582373e-03
1.393293293293293367e+01 4.376982869738907378e-03
1.395195195195195303e+01 4.060792926782226184e-03
1.397097097097097240e+01 3.766081781815562492e-03
1.398998998998999177e+01 3.491496049586705151e-03
1.400900900900900936e+01 3.235759754112146371e-03
1.402802802802802873e+01 2.997670462980790880e-03
1.404704704704704810e+01 2.776095576064904671e-03
1.406606606606606746e+01 2.569968765083324551e-03
1.408508508508508683e+01 2.378286560355899557e-03
1.410410410410410442e+01 2.200105080999116645e-03
1.412312312312312379e+01 2.034536904741147002e-03
1.414214214214214316e+01 1.880748073479251341e-03
1.416116116116116252e+01 1.737955230661086163e-03
1.418018018018018189e+01 1.605422886545239142e-03
1.419919919919919948e+01 1.482460807382184444e-03
1.421821821821821885e+01 1.368421524555062888e-03
1.423723723723723822e+01 1.262697959729418458e-03
1.425625625625625759e+01 1.164721162080141047e-03
1.427527527527527695e+01 1.073958153693475772e-03
1.429429429429429455e+01 9.899098792793045026e-04
1.431331331331331391e+01 9.121092563745799089e-04
1.433233233233233328e+01 8.401193222714015791e-04
1.435135135135135265e+01 7.735314739620611580e-04
1.437037037037037202e+01 7.119637974582016058e-04
1.438938938938938961e+01 6.550594829108138126e-04
1.440840840840840897e+01 6.024853220319379430e-04
1.442742742742742834e+01 5.539302843969496791e-04
1.444644644644644771e+01 5.091041692874031296e-04
1.446546546546546708e+01 4.677363298186038064e-04
1.448448448448448644e+01 4.295744661822850532e-04
1.450350350350350404e+01 3.943834849229585536e-04
1.452252252252252340e+01 3.619444212560384098e-04
1.454154154154154277e+01 3.320534215265179149e-04
1.456056056056056214e+01 3.045207829980793699e-04
1.457957957957958151e+01 2.791700482542140184e-04
1.459859859859859910e+01 2.558371515844207124e-04
1.461761761761761846e+01 2.343696148198380039e-04
1.463663663663663783e+01 2.146257901734660188e-04
1.465565565565565720e+01 1.964741477300053693e-04
1.467467467467467657e+01 1.797926053193985984e-04
1.469369369369369416e+01 1.644678985958865391e-04
1.471271271271271353e+01 1.503949892308214273e-04
1.473173173173173289e+01 1.374765092124013673e-04
1.475075075075075226e+01 1.256222393286951110e-04
1.476976976976977163e+01 1.147486199918506172e-04
1.478878878878878922e+01 1.047782926409574384e-04
1.480780780780780859e+01 9.563967003867982365e-05
1.482682682682682795e+01 8.726653385240389408e-05
1.484584584584584732e+01 7.959765798413193246e-05
1.486486486486486669e+01 7.257645618475894482e-05
1.488388388388388428e+01 6.615065255755488941e-05
1.490290290290290365e+01 6.027197362267469664e-05
1.492192192192192302e+01 5.489586067931250354e-05
1.494094094094094238e+01 4.998120126466009072e-05
1.495995995995996175e+01 4.549007856918556769e-05
1.497897897897897934e+01 4.138753772586888649e-05
1.499799799799799871e+01 3.764136794696401551e-05
1.501701701701701808e+01 3.422189953562720227e-05
1.503603603603603744e+01 3.110181485135255023e-05
1.505505505505505681e+01 2.825597235767532726e-05
1.507407407407407440e+01 2.566124292802481375e-05
1.509309309309309377e+01 2.329635763100383324e-05
1.511211211211211314e+01 2.114176625978334651e-05
1.513113113113113251e+01 1.917950591175549566e-05
1.515015015015015187e+01 1.739307896416423534e-05
1.516916916916916946e+01 1.576733982915778801e-05
1.518818818818818883e+01 1.428838990764377912e-05
1.520720720720720820e+01 1.294348019553648619e-05
1.522622622622622757e+01 1.172092102850314893e-05
1.524524524524524693e+01 1.060999848222360850e-05
1.526426426426426630e+01 9.600896974506176816e-06
1.528328328328328389e+01 8.684627643427113232e-06
1.530230230230230326e+01 7.852962102027265129e-06
1.532132132132132263e+01 7.098371195069783969e-06
1.534034034034034200e+01 6.413968406985374473e-06
1.535935935935936136e+01 5.793457592470686042e-06
1.537837837837837895e+01 5.231084722306415906e-06
1.539739739739739832e+01 4.721593356881924637e-06
1.541641641641641769e+01 4.260183578705792564e-06
1.543543543543543706e+01 3.842474132892331240e-06
1.545445445445445642e+01 3.464467541300019414e-06
1.547347347347347402e+01 3.122517971699877738e-06
1.549249249249249338e+01 2.813301658122334538e-06
1.551151151151151275e+01 2.533789682414123557e-06
1.553053053053053212e+01 2.281222940074485602e-06
1.554954954954955149e+01 2.053089125679780917e-06
1.556856856856856908e+01 1.847101584683702858e-06
1.558758758758758844e+01 1.661179889140186994e-06
1.560660660660660781e+01 1.493432004974850871e-06
1.562562562562562718e+01 1.342137927864294073e-06
1.564464464464464655e+01 1.205734673608559339e-06
1.566366366366366414e+01 1.082802517132050908e-06
1.568268268268268351e+01 9.720523819560136160e-07
1.570170170170170287e+01 8.723142891824165403e-07
1.572072072072072224e+01 7.825267817433771608e-07
1.573973973973974161e+01 7.017272459319270722e-07
1.575875875875875920e+01 6.290430580645303071e-07
1.577777777777777857e+01 5.636834895598702818e-07
1.579679679679679793e+01 5.049323087762256683e-07
1.581581581581581730e+01 4.521410226541583826e-07
1.583483483483483667e+01 4.047227055848012404e-07
1.585385385385385426e+01 3.621463669871180056e-07
1.587287287287287363e+01 3.239318128501106131e-07
1.589189189189189300e+01 2.896449599968758623e-07
1.591091091091091236e+01 2.588935650739020619e-07
1.592992992992993173e+01 2.313233332783727225e-07
1.594894894894894932e+01 2.066143746236717949e-07
1.596796796796796869e+01 1.844779781239026483e-07
1.598698698698698806e+01 1.646536766660523433e-07
1.600600600600600742e+01 1.469065775463502873e-07
1.602502502502502679e+01 1.310249356881388832e-07
1.604404404404404616e+01 1.168179484434150287e-07
1.606306306306306197e+01 1.041137526203356321e-07
1.608208208208208134e+01 9.275760598445224966e-08
1.610110110110110071e+01 8.261023696196273746e-08
1.612012012012012008e+01 7.354634763765905892e-08
1.613913913913913944e+01 6.545325639715372399e-08
1.615815815815815881e+01 5.822966771998288456e-08
1.617717717717717818e+01 5.178455769482712656e-08
1.619619619619619755e+01 4.603616480715396320e-08
1.621521521521521692e+01 4.091107644944587857e-08
1.623423423423423628e+01 3.634340243084207680e-08
1.625325325325325565e+01 3.227402752199070463e-08
1.627227227227227502e+01 2.864993576739957907e-08
1.629129129129129439e+01 2.542359993635294984e-08
1.631031031031031375e+01 2.255243006903399961e-08
1.632932932932933312e+01 1.999827561098643420e-08
1.634834834834834894e+01 1.772697612033258039e-08
1.636736736736736830e+01 1.570795598180451796e-08
1.638638638638638767e+01 1.391385897297890231e-08
1.640540540540540704e+01 1.232021890415662967e-08
1.642442442442442641e+01 1.090516289701295620e-08
1.644344344344344222e+01 9.649144181019132056e-09
1.646246246246246159e+01 8.534701573188593977e-09
1.648148148148148096e+01 7.546243068155801254e-09
1.650050050050050032e+01 6.669851204026711964e-09
1.651951951951951969e+01 5.893108086782843241e-09
1.653853853853853906e+01 5.204938154019633985e-09
1.655755755755755843e+01 4.595466939100695100e-09
1.657657657657657779e+01 4.055894260905597432e-09
1.659559559559559716e+01 3.578380413623717966e-09
1.661461461461461653e+01 3.155944066771377064e-09
1.663363363363363590e+01 2.782370708952584036e-09
1.665265265265265526e+01 2.452130580919849231e-09
1.667167167167167463e+01 2.160305145206686939e-09
1.669069069069069400e+01 1.902521231902790096e-09
1.670970970970971337e+01 1.674892083858049739e-09
1.672872872872872918e+01 1.473964600492692517e-09
1.674774774774774855e+01 1.296672148156098706e-09
1.676676676676676792e+01 1.140292367256098402e-09
1.678578578578578728e+01 1.002409462755313731e-09
1.680480480480480665e+01 8.808805156408460622e-10
1.682382382382382602e+01 7.738053991026120406e-10
1.684284284284284183e+01 6.794999248531770517e-10
1.686186186186186120e+01 5.964718826950642527e-10
1.688088088088088057e+01 5.233996704625048566e-10
1.689989989989989994e+01 4.591132421720821332e-10
1.691891891891891930e+01 4.025771299218515995e-10
1.693793793793793867e+01 3.528753200611828924e-10
1.695695695695695804e+01 3.091977866718946463e-10
1.697597597597597741e+01 2.708285056881859838e-10
1.699499499499499677e+01 2.371347912510535739e-10
1.701401401401401614e+01 2.075578123354700077e-10
1.703303303303303551e+01 1.816041624810500230e-10
1.705205205205205488e+01 1.588383687587038928e-10
1.707107107107107069e+01 1.388762380613827234e-10
1.709009009009009006e+01 1.213789495478004957e-10
1.710910910910910943e+01 1.060478117129440955e-10
1.712812812812812879e+01 9.261961121579538303e-11
1.714714714714714816e+01 8.086248836111201089e-11
1.716616616616616753e+01 7.057228109620511193e-11
1.718518518518518690e+01 6.156928562572865320e-11
1.720420420420420626e+01 5.369538733971026169e-11
1.722322322322322563e+01 4.681152075778783930e-11
1.724224224224224500e+01 4.079542167491731265e-11
1.726126126126126437e+01 3.553963870394947306e-11
1.728028028028028018e+01 3.094977499657815390e-11
1.729929929929929955e+01 2.694293412956604924e-11
1.731831831831831892e+01 2.344634700703072990e-11
1.733733733733733828e+01 2.039615918706486113e-11
1.735635635635635765e+01 1.773636032391365978e-11
1.737537537537537702e+01 1.541783945379981424e-11
1.739439439439439639e+01 1.339755166903332143e-11
1.741341341341341575e+01 1.163778334434345426e-11
1.743243243243243512e+01 1.010550452220362536e-11
1.745145145145145449e+01 8.771798348932302185e-12
1.747047047047047030e+01 7.611358597300459712e-12
1.748948948948948967e+01 6.602047329279297928e-12
1.750850850850850904e+01 5.724505657918421202e-12
1.752752752752752841e+01 4.961811372215736134e-12
1.754654654654654777e+01 4.299177904089193473e-12
1.756556556556556714e+01 3.723689751856502797e-12
1.758458458458458651e+01 3.224070038676064670e-12
1.760360360360360588e+01 2.790476384961722756e-12
1.762262262262262524e+01 2.414321717806599843e-12
1.764164164164164461e+01 2.088117034148042922e-12
1.766066066066066043e+01 1.805333483327321061e-12
1.767967967967967979e+01 1.560281443798065047e-12
1.769869869869869916e+01 1.348004542444075995e-12
1.771771771771771853e+01 1.164186807220764995e-12
1.773673673673673790e+01 1.005071358161976543e-12
1.775575575575575726e+01 8.673892313255002876e-13
1.777477477477477663e+01 7.482970977849373394e-13
1.779379379379379600e+01 6.453227877996765847e-13
1.781281281281281537e+01 5.563176610237523693e-13
1.783183183183183473e+01 4.794149790185726810e-13
1.785085085085085055e+01 4.129935381662087234e-13
1.786986986986986992e+01 3.556459108958097907e-13
1.788888888888888928e+01 3.061507223199811903e-13
1.790790790790790865e+01 2.634484591574356182e-13
1.792692692692692802e+01 2.266203692850050454e-13
1.794594594594594739e+01 1.948700643814088912e-13
1.796496496496496675e+01 1.675074857556556190e-13
1.798398398398398612e+01 1.439349353541783011e-13
1.800300300300300549e+01 1.236349107860095316e-13
1.802202202202202486e+01 1.061595155906484747e-13
1.804104104104104067e+01 9.112124442637469735e-14
1.806006006006006004e+01 7.818496784420223331e-14
1.807907907907907941e+01 6.706096324737037516e-14
1.809809809809809877e+01 5.749885788259891651e-14
1.811711711711711814e+01 4.928236658993375223e-14
1.813613613613613751e+01 4.222472183700356944e-14
1.815515515515515688e+01 3.616470653221979517e-14
1.817417417417417624e+01 3.096321147134858515e-14
1.819319319319319561e+01 2.650024921827275432e-14
1.821221221221221498e+01 2.267236492584169149e-14
1.823123123123123435e+01 1.939039221813789256e-14
1.825025025025025016e+01 1.657750891482965500e-14
1.826926926926926953e+01 1.416755319909830817e-14
1.828828828828828890e+01 1.210356591634626008e-14
1.830730730730730826e+01 1.033652913244087144e-14
1.832632632632632763e+01 8.824274957618581183e-15
1.834534534534534700e+01 7.530542025551047663e-15
1.836436436436436637e+01 6.424159968174279896e-15
1.838338338338338573e+01 5.478344799838440218e-15
1.840240240240240510e+01 4.670090366658871988e-15
1.842142142142142447e+01 3.979642970296645990e-15
1.844044044044044028e+01 3.390047976301427522e-15
1.845945945945945965e+01 2.886758697605636987e-15
1.847847847847847902e+01 2.457299131801246802e-15
1.849749749749749839e+01 2.090973250991096779e-15
1.851651651651651775e+01 1.778614516764793764e-15
1.853553553553553712e+01 1.512370138977853336e-15
1.855455455455455649e+01 1.285515331936100811e-15
1.857357357357357586e+01 1.092293459652448212e-15
1.859259259259259522e+01 9.277785155837163763e-16
1.861161161161161459e+01 7.877568626144474256e-16
1.863063063063063041e+01 6.686255755831485506e-16
1.864964964964964977e+01 5.673050896751587535e-16
1.866866866866866914e+01 4.811641708005666658e-16
1.868768768768768851e+01 4.079554949651938784e-16
1.870670670670670788e+01 3.457603581461763363e-16
1.872572572572572724e+01 2.929412411017689503e-16
1.874474474474474661e+01 2.481011290606836697e-16
1.876376376376376598e+01 2.100486379860345144e-16
1.878278278278278535e+01 1.777681302568665893e-16
1.880180180180180471e+01 1.503941159061693170e-16
1.882082082082082053e+01 1.271893333875639940e-16
1.883983983983983990e+01 1.075259882891011026e-16
1.885885885885885926e+01 9.086970127341421995e-17
1.887787787787787863e+01 7.676577936209969223e-17
1.889689689689689800e+01 6.482747885525906216e-17
1.891591591591591737e+01 5.472597485994320794e-17
1.893493493493493673e+01 4.618179261309393134e-17
1.895395395395395610e+01 3.895749040809575873e-17
1.897297297297297547e+01 3.285141373360310523e-17
1.899199199199199484e+01 2.769236587042276188e-17
1.901101101101101420e+01 2.333506223929337670e-17
1.903003003003003002e+01 1.965625474431332599e-17
1.904904904904904939e+01 1.655142864137413128e-17
1.906806806806806875e+01 1.393198844794191921e-17
1.908708708708708812e+01 1.172286141907122557e-17
1.910610610610610749e+01 9.860457420356737805e-18
1.912512512512512686e+01 8.290932869353524169e-18
1.914414414414414622e+01 6.968713998022704583e-18
1.916316316316316559e+01 5.855241186832485078e-18
1.918218218218218496e+01 4.917901688691519398e-18
1.920120120120120433e+01 4.129122829211789845e-18
1.922022022022022014e+01 3.465601851959724445e-18
1.923923923923923951e+01 2.907652070666904719e-18
1.925825825825825888e+01 2.438647978559441927e-18
1.927727727727727824e+01 2.044554520021548382e-18
1.929629629629629761e+01 1.713527913636212964e-18
1.931531531531531698e+01 1.435577281409952390e-18
1.933433433433433635e+01 1.202277932372829394e-18
1.935335335335335571e+01 1.006528508958572673e-18
1.937237237237237508e+01 8.423453652617881437e-19
1.939139139139139445e+01 7.046885363055389082e-19
1.941041041041041026e+01 5.893145015813814285e-19
1.942942942942942963e+01 4.926516655567012609e-19
1.944844844844844900e+01 4.116950907534595436e-19
1.946746746746746837e+01 3.439175409476155662e-19
1.948648648648648773e+01 2.871943363424792139e-19
1.950550550550550710e+01 2.397399006259444262e-19
1.952452452452452647e+01 2.000542013804260584e-19
1.954354354354354584e+01 1.668775587070893157e-19
1.956256256256256520e+01 1.391525292739919422e-19
1.958158158158158457e+01 1.159917703832042044e-19
1.960060060060060039e+01 9.665095626837107226e-20
1.961961961961961975e+01 8.050596111361246590e-20
1.963863863863863912e+01 6.703364400872723178e-20
1.965765765765765849e+01 5.579567344829353693e-20
1.967667667667667786e+01 4.642491579260256153e-20
1.969569569569569722e+01 3.861398567765854324e-20
1.971471471471471659e+01 3.210561868458257854e-20
1.973373373373373596e+01 2.668457935351876042e-20
1.975275275275275533e+01 2.217086229846861920e-20
1.977177177177177470e+01 1.841398197648703996e-20
1.979079079079079406e+01 1.528817863236671443e-20
1.980980980980980988e+01 1.268839496653627837e-20
1.982882882882882924e+01 1.052690091393635475e-20
1.984784784784784861e+01 8.730463215933529029e-21
1.986686686686686798e+01 7.237972759764789857e-21
1.988588588588588735e+01 5.998456412161649025e-21
1.990490490490490672e+01 4.969411677058531931e-21
1.992392392392392608e+01 4.115412293553533355e-21
1.994294294294294545e+01 3.406941140770019533e-21
1.996196196196196482e+01 2.819413769210080758e-21
1.998098098098098419e+01 2.332361735311845620e-21
2.000000000000000000e+01 1.928749847963917680e-21
