1.000000000000000000e+00 1.353352832595100530e+00
1.019019019019018923e+00 1.405569093705036021e+00
1.038038038038038069e+00 1.459272061114240238e+00
1.057057057057056992e+00 1.514478951576870402e+00
1.076076076076076138e+00 1.571205973870978490e+00
1.095095095095095061e+00 1.629468266782948760e+00
1.114114114114114207e+00 1.689279836728525996e+00
1.133133133133133130e+00 1.750653495134655957e+00
1.152152152152152276e+00 1.813600795711646896e+00
1.171171171171171199e+00 1.878131971750168550e+00
1.190190190190190123e+00 1.944255873582506844e+00
1.209209209209209268e+00 2.011979906352063363e+00
1.228228228228228192e+00 2.081309968239464236e+00
1.247247247247247337e+00 2.152250389297725608e+00
1.266266266266266260e+00 2.224803871052665194e+00
1.285285285285285184e+00 2.298971427028218439e+00
1.304304304304304329e+00 2.374752324359388655e+00
1.323323323323323475e+00 2.452144026658280129e+00
1.342342342342342398e+00 2.531142138300991995e+00
1.361361361361361322e+00 2.611740350305048697e+00
1.380380380380380467e+00 2.693930387968516804e+00
1.399399399399399391e+00 2.777701960442948703e+00
1.418418418418418536e+00 2.863042712412894097e+00
1.437437437437437460e+00 2.949938178054688720e+00
1.456456456456456383e+00 3.038371737446846854e+00
1.475475475475475529e+00 3.128324575603362856e+00
1.494494494494494674e+00 3.219775644299733841e+00
1.513513513513513598e+00 3.312701626859478221e+00
1.532532532532532521e+00 3.407076906066288657e+00
1.551551551551551444e+00 3.502873535363800528e+00
1.570570570570570590e+00 3.600061213501238200e+00
1.589589589589589735e+00 3.698607262778855542e+00
1.608608608608608659e+00 3.798476611042259421e+00
1.627627627627627582e+00 3.899631777569179558e+00
1.646646646646646728e+00 4.002032862986270700e+00
1.665665665665665873e+00 4.105637543346916551e+00
1.684684684684684797e+00 4.210401068493845322e+00
1.703703703703703720e+00 4.316276264822655584e+00
1.722722722722722644e+00 4.423213542554075950e+00
1.741741741741741789e+00 4.531160907614054878e+00
1.760760760760760935e+00 4.640063978211375506e+00
1.779779779779779858e+00 4.749866006192810630e+00
1.798798798798798781e+00 4.860507903245482098e+00
1.817817817817817927e+00 4.971928272005358806e+00
1.836836836836836850e+00 5.084063442119734155e+00
1.855855855855855996e+00 5.196847511299889533e+00
1.874874874874874919e+00 5.310212391388250630e+00
1.893893893893893843e+00 5.424087859452073168e+00
1.912912912912912988e+00 5.538401613903053189e+00
1.931931931931932134e+00 5.653079335629431768e+00
1.950950950950951057e+00 5.768044754114034056e+00
1.969969969969969981e+00 5.883219718498375883e+00
1.988988988988989126e+00 5.998524273539455720e+00
2.008008008008007828e+00 6.113876740392288234e+00
2.027027027027027195e+00 6.229193802137572789e+00
2.046046046046046119e+00 6.344390593960037350e+00
2.065065065065065042e+00 6.459380797869514801e+00
2.084084084084084409e+00 6.574076741842883820e+00
2.103103103103102889e+00 6.688389503251636725e+00
2.122122122122122256e+00 6.802229016426373676e+00
2.141141141141141180e+00 6.915504184196167969e+00
2.160160160160160103e+00 7.028122993227987614e+00
2.179179179179179471e+00 7.139992632978424680e+00
2.198198198198198394e+00 7.251019618057732430e+00
2.217217217217217318e+00 7.361109913794196657e+00
2.236236236236236241e+00 7.470169064775157963e+00
2.255255255255255165e+00 7.578102326130051303e+00
2.274274274274274532e+00 7.684814797310148826e+00
2.293293293293293456e+00 7.790211558109624512e+00
2.312312312312312379e+00 7.894197806663247441e+00
2.331331331331331747e+00 7.996678999147032840e+00
2.350350350350350226e+00 8.097560990900131372e+00
2.369369369369369593e+00 8.196750178678897214e+00
2.388388388388388517e+00 8.294153643747140592e+00
2.407407407407407440e+00 8.389679295500990008e+00
2.426426426426426808e+00 8.483236015321386603e+00
2.445445445445445287e+00 8.574733800343148360e+00
2.464464464464464655e+00 8.664083906826110848e+00
2.483483483483483578e+00 8.751198992811135113e+00
2.502502502502502502e+00 8.835993259742409123e+00
2.521521521521521869e+00 8.918382592736490366e+00
2.540540540540540349e+00 8.998284699178817903e+00
2.559559559559559716e+00 9.075619245329610507e+00
2.578578578578578639e+00 9.150307990622902565e+00
2.597597597597597563e+00 9.222274919345791133e+00
2.616616616616616930e+00 9.291446369388529192e+00
2.635635635635635854e+00 9.357751157761265759e+00
2.654654654654654777e+00 9.421120702578841488e+00
2.673673673673673701e+00 9.481489141221834061e+00
2.692692692692692624e+00 9.538793444389582987e+00
2.711711711711711992e+00 9.592973525769497911e+00
2.730730730730730915e+00 9.643972347056177341e+00
2.749749749749749839e+00 9.691736018064185387e+00
2.768768768768769206e+00 9.736213891689125433e+00
2.787787787787787686e+00 9.777358653483611661e+00
2.806806806806807053e+00 9.815126405627099260e+00
2.825825825825825977e+00 9.849476745081778617e+00
2.844844844844844900e+00 9.880372835740628190e+00
2.863863863863864268e+00 9.907781474388212217e+00
2.882882882882882747e+00 9.931673150309803688e+00
2.901901901901902114e+00 9.952022098400167494e+00
2.920920920920921038e+00 9.968806345639277922e+00
2.939939939939939961e+00 9.982007750818844727e+00
2.958958958958959329e+00 9.991612037420377845e+00
2.977977977977978252e+00 9.997608819562806559e+00
2.996996996996997176e+00 9.999991620955068328e+00
3.016016016016016099e+00 9.998757886806879824e+00
3.035035035035035023e+00 9.993908988668714244e+00
3.054054054054054390e+00 9.985450222189966141e+00
3.073073073073073314e+00 9.973390797802347052e+00
3.092092092092092237e+00 9.957743824353462614e+00
3.111111111111111160e+00 9.938526285733477295e+00
3.130130130130130084e+00 9.915759010555552422e+00
3.149149149149149451e+00 9.889466634968282932e+00
3.168168168168168375e+00 9.859677558695739918e+00
3.187187187187187298e+00 9.826423894417732896e+00
3.206206206206206222e+00 9.789741410619567930e+00
3.225225225225225589e+00 9.749669468056884725e+00
3.244244244244244513e+00 9.706250949996857003e+00
3.263263263263263436e+00 9.659532186412450372e+00
3.282282282282282360e+00 9.609562872321051330e+00
3.301301301301301283e+00 9.556395980472959906e+00
3.320320320320320651e+00 9.500087668608664160e+00
3.339339339339339574e+00 9.440697181516632952e+00
3.358358358358358497e+00 9.378286748135407080e+00
3.377377377377377421e+00 9.312921473955022122e+00
3.396396396396396788e+00 9.244669228983360298e+00
3.415415415415415712e+00 9.173600531552628112e+00
3.434434434434434635e+00 9.099788428250048966e+00
3.453453453453453559e+00 9.023308370264738087e+00
3.472472472472472482e+00 8.944238086449871616e+00
3.491491491491491850e+00 8.862657453405327956e+00
3.510510510510510773e+00 8.778648362891299683e+00
3.529529529529529697e+00 8.692294586887555852e+00
3.548548548548548620e+00 8.603681640616571258e+00
3.567567567567567988e+00 8.512896643851007639e+00
3.586586586586586911e+00 8.420028180827612729e+00
3.605605605605605835e+00 8.325166159090121809e+00
3.624624624624624758e+00 8.228401667583442602e+00
3.643643643643643681e+00 8.129826834320034834e+00
3.662662662662663049e+00 8.029534683937276540e+00
3.681681681681681972e+00 7.927618995461530815e+00
3.700700700700700896e+00 7.824174160590684046e+00
3.719719719719719819e+00 7.719295042802156281e+00
3.738738738738739187e+00 7.613076837587824386e+00
3.757757757757758110e+00 7.505614934110876213e+00
3.776776776776777034e+00 7.397004778572514816e+00
3.795795795795795957e+00 7.287341739568551802e+00
3.814814814814814881e+00 7.176720975707411299e+00
3.833833833833834248e+00 7.065237305751791652e+00
3.852852852852853172e+00 6.952985081536519729e+00
3.871871871871872095e+00 6.840058063904588259e+00
3.890890890890891018e+00 6.726549301892621457e+00
3.909909909909909942e+00 6.612551015385404796e+00
3.928928928928929309e+00 6.498154481447374842e+00
3.947947947947948233e+00 6.383449924526662045e+00
3.966966966966967156e+00 6.268526410714569508e+00
3.985985985985986080e+00 6.153471746230565920e+00
4.005005005005005003e+00 6.038372380289529495e+00
4.024024024024024371e+00 5.923313312494611793e+00
4.043043043043043738e+00 5.808378004885463852e+00
4.062062062062062218e+00 5.693648298757848281e+00
4.081081081081080697e+00 5.579204336356747618e+00
4.100100100100100065e+00 5.465124487531394237e+00
4.119119119119119432e+00 5.351485281426581864e+00
4.138138138138138800e+00 5.238361343270903525e+00
4.157157157157157279e+00 5.125825336308852620e+00
4.176176176176176646e+00 5.013947908910038720e+00
4.195195195195195126e+00 4.902797646875429294e+00
4.214214214214214493e+00 4.792441030947158787e+00
4.233233233233233861e+00 4.682942399515637177e+00
4.252252252252252340e+00 4.574363916504758265e+00
4.271271271271271708e+00 4.466765544403724419e+00
4.290290290290290187e+00 4.360205022401955510e+00
4.309309309309309555e+00 4.254737849571623265e+00
4.328328328328328922e+00 4.150417273031311360e+00
4.347347347347347402e+00 4.047294281013125605e+00
4.366366366366366769e+00 3.945417600745223741e+00
4.385385385385385248e+00 3.844833701051793007e+00
4.404404404404404616e+00 3.745586799562688807e+00
4.423423423423423984e+00 3.647718874416219670e+00
4.442442442442443351e+00 3.551269680329717460e+00
4.461461461461461830e+00 3.456276768904679830e+00
4.480480480480480310e+00 3.362775513025631824e+00
4.499499499499499677e+00 3.270799135204960351e+00
4.518518518518519045e+00 3.180378739719429859e+00
4.537537537537538412e+00 3.091543348378202438e+00
4.556556556556556892e+00 3.004319939756833868e+00
4.575575575575575371e+00 2.918733491726798412e+00
4.594594594594594739e+00 2.834807027105898491e+00
4.613613613613614106e+00 2.752561662251014507e+00
4.632632632632633474e+00 2.672016658411444201e+00
4.651651651651651953e+00 2.593189475658378651e+00
4.670670670670670432e+00 2.516095829203748746e+00
4.689689689689689800e+00 2.440749747920008872e+00
4.708708708708709167e+00 2.367163634871123357e+00
4.727727727727728535e+00 2.295348329664224973e+00
4.746746746746747014e+00 2.225313172431138131e+00
4.765765765765765494e+00 2.157066069249003348e+00
4.784784784784784861e+00 2.090613558809848893e+00
4.803803803803804229e+00 2.025960880149823673e+00
4.822822822822823596e+00 1.963112041250167028e+00
4.841841841841842076e+00 1.902069888323728808e+00
4.860860860860860555e+00 1.842836175602855731e+00
4.879879879879879923e+00 1.785411635446910061e+00
4.898898898898899290e+00 1.729796048590357849e+00
4.917917917917918658e+00 1.675988314355379760e+00
4.936936936936937137e+00 1.623986520656283128e+00
4.955955955955956505e+00 1.573788013626480131e+00
4.974974974974974984e+00 1.525389466702680608e+00
4.993993993993994351e+00 1.478786949004832874e+00
5.013013013013013719e+00 1.433975992854721770e+00
5.032032032032032198e+00 1.390951660280401736e+00
5.051051051051051566e+00 1.349708608358313189e+00
5.070070070070070045e+00 1.310241153249658286e+00
5.089089089089089413e+00 1.272543332792418935e+00
5.108108108108108780e+00 1.236608967515518520e+00
5.127127127127127260e+00 1.202431719946621014e+00
5.146146146146146627e+00 1.170005152090351830e+00
5.165165165165165106e+00 1.139322780959002523e+00
5.184184184184184474e+00 1.110378132043102761e+00
5.203203203203203842e+00 1.083164790614753903e+00
5.222222222222222321e+00 1.057676450762010001e+00
5.241241241241241688e+00 1.033906962058189549e+00
5.260260260260260168e+00 1.011850373775526224e+00
5.279279279279279535e+00 9.915009765581392909e-01
5.298298298298298903e+00 9.728533414749591657e-01
5.317317317317317382e+00 9.559023563788096034e-01
5.336336336336336750e+00 9.406432595035231214e-01
5.355355355355356117e+00 9.270716702365867645e-01
5.374374374374374597e+00 9.151836170104595825e-01
5.393393393393393964e+00 9.049755622613360195e-01
5.412412412412412444e+00 8.964444244098002113e-01
5.431431431431431811e+00 8.895875968234052689e-01
5.450450450450451179e+00 8.844029637268918664e-01
5.469469469469469658e+00 8.808889130313547478e-01
5.488488488488489025e+00 8.790443460593072578e-01
5.507507507507507505e+00 8.788686841482081791e-01
5.526526526526526872e+00 8.803618721206347697e-01
5.545545545545546240e+00 8.835243786148929690e-01
5.564564564564564719e+00 8.883571932754776856e-01
5.583583583583584087e+00 8.948618208084095915e-01
5.602602602602602566e+00 9.030402719120698141e-01
5.621621621621621934e+00 9.128950510998073975e-01
5.640640640640641301e+00 9.244291414361636150e-01
5.659659659659659781e+00 9.376459862142338952e-01
5.678678678678679148e+00 9.525494676072719935e-01
5.697697697697698516e+00 9.691438823332927388e-01
5.716716716716716995e+00 9.874339143770674010e-01
5.735735735735736363e+00 1.007424604819543879e+00
5.754754754754754842e+00 1.029121318830344078e+00
5.773773773773774209e+00 1.052529709884681086e+00
5.792792792792793577e+00 1.077655681271611599e+00
5.811811811811812056e+00 1.104505344966244307e+00
5.830830830830831424e+00 1.133084977944102123e+00
5.849849849849849903e+00 1.163400976021439437e+00
5.868868868868869271e+00 1.195459805310971735e+00
5.887887887887888638e+00 1.229267951387952529e+00
5.906906906906907118e+00 1.264831866267134508e+00
5.925925925925926485e+00 1.302157913296614788e+00
5.944944944944944965e+00 1.341252310079980692e+00
5.963963963963964332e+00 1.382121069543629011e+00
5.982982982982983700e+00 1.424769939271334218e+00
6.002002002002002179e+00 1.469204339233476153e+00
6.021021021021021546e+00 1.515429298043403872e+00
6.040040040040040026e+00 1.563449387878437680e+00
6.059059059059059393e+00 1.613268658207988260e+00
6.078078078078078761e+00 1.664890568475917432e+00
6.097097097097097240e+00 1.718317919889012391e+00
6.116116116116116608e+00 1.773552786467801567e+00
6.135135135135135975e+00 1.830596445520210391e+00
6.154154154154154455e+00 1.889449307702683045e+00
6.173173173173173822e+00 1.950110846837167067e+00
6.192192192192192302e+00 2.012579529655952548e+00
6.211211211211211669e+00 2.076852745649802934e+00
6.230230230230231037e+00 2.142926737197737630e+00
6.249249249249249516e+00 2.210796530159743867e+00
6.268268268268268884e+00 2.280455865116071568e+00
6.287287287287287363e+00 2.351897129438889511e+00
6.306306306306306730e+00 2.425111290383977103e+00
6.325325325325326098e+00 2.500087829391353100e+00
6.344344344344344577e+00 2.576814677784954100e+00
6.363363363363363945e+00 2.655278154061990747e+00
6.382382382382382424e+00 2.735462902962791709e+00
6.401401401401401792e+00 2.817351836511844176e+00
6.420420420420421159e+00 2.900926077219847965e+00
6.439439439439439639e+00 2.986164903635645906e+00
6.458458458458459006e+00 3.073045698435131978e+00
6.477477477477478374e+00 3.161543899232093668e+00
6.496496496496496853e+00 3.251632952293444845e+00
6.515515515515516221e+00 3.343284269338012482e+00
6.534534534534534700e+00 3.436467187594411055e+00
6.553553553553554067e+00 3.531148933289440350e+00
6.572572572572573435e+00 3.627294588733515734e+00
6.591591591591591914e+00 3.724867063164580827e+00
6.610610610610611282e+00 3.823827067506016864e+00
6.629629629629629761e+00 3.924133093187686772e+00
6.648648648648649129e+00 4.025741395172569348e+00
6.667667667667668496e+00 4.128605979323745068e+00
6.686686686686686976e+00 4.232678594238822534e+00
6.705705705705706343e+00 4.337908727670300557e+00
6.724724724724724823e+00 4.444243607641357841e+00
6.743743743743744190e+00 4.551628208357349159e+00
6.762762762762763558e+00 4.660005261003015598e+00
6.781781781781782037e+00 4.769315269505379540e+00
6.800800800800801404e+00 4.879496531331224851e+00
6.819819819819819884e+00 4.990485163376874311e+00
6.838838838838839251e+00 5.102215132996485991e+00
6.857857857857858619e+00 5.214618294202790771e+00
6.876876876876877098e+00 5.327624429062153055e+00
6.895895895895896466e+00 5.441161294292983008e+00
6.914914914914915833e+00 5.555154673063571025e+00
6.933933933933934313e+00 5.669528431972405080e+00
6.952952952952953680e+00 5.784204583180459380e+00
6.971971971971972160e+00 5.899103351651381999e+00
6.990990990990991527e+00 6.014143247441986695e+00
7.010010010010010895e+00 6.129241142971338263e+00
7.029029029029029374e+00 6.244312355183193830e+00
7.048048048048048742e+00 6.359270732502470658e+00
7.067067067067067221e+00 6.474028746472587414e+00
7.086086086086086588e+00 6.588497587946956280e+00
7.105105105105105956e+00 6.702587267693971285e+00
7.124124124124124435e+00 6.816206721261632850e+00
7.143143143143143803e+00 6.929263917934528116e+00
7.162162162162162282e+00 7.041665973602868611e+00
7.181181181181181650e+00 7.153319267350755517e+00
7.200200200200201017e+00 7.264129561558241299e+00
7.219219219219219497e+00 7.374002125300024524e+00
7.238238238238238864e+00 7.482841860811986656e+00
7.257257257257257343e+00 7.590553432785651644e+00
7.276276276276276711e+00 7.697041400240419939e+00
7.295295295295296079e+00 7.802210350713109754e+00
7.314314314314314558e+00 7.905965036495337550e+00
7.333333333333333925e+00 8.008210512640379974e+00
7.352352352352353293e+00 8.108852276453177410e+00
7.371371371371371772e+00 8.207796408169915736e+00
7.390390390390391140e+00 8.304949712527067263e+00
7.409409409409409619e+00 8.400219860913905379e+00
7.428428428428428987e+00 8.493515533797772576e+00
7.447447447447448354e+00 8.584746563107009010e+00
7.466466466466466834e+00 8.673824074253479566e+00
7.485485485485486201e+00 8.760660627474051054e+00
7.504504504504504681e+00 8.845170358168934044e+00
7.523523523523524048e+00 8.927269115914425512e+00
7.542542542542543416e+00 9.006874601827659532e+00
7.561561561561561895e+00 9.083906503962520418e+00
7.580580580580581262e+00 9.158286630417993734e+00
7.599599599599599742e+00 9.229939039843351622e+00
7.618618618618619109e+00 9.298790169028848140e+00
7.637637637637638477e+00 9.364768957275394712e+00
7.656656656656656956e+00 9.427806967242888803e+00
7.675675675675676324e+00 9.487838501983587136e+00
7.694694694694694803e+00 9.544800717874675655e+00
7.713713713713714171e+00 9.598633733172972526e+00
7.732732732732733538e+00 9.649280731923994381e+00
7.751751751751752018e+00 9.696688062968133792e+00
7.770770770770771385e+00 9.740805333797670329e+00
7.789789789789790753e+00 9.781585499030327924e+00
7.808808808808809232e+00 9.818984943277696331e+00
7.827827827827828600e+00 9.852963558200116267e+00
7.846846846846847079e+00 9.883484813553689463e+00
7.865865865865866446e+00 9.910515822049626777e+00
7.884884884884885814e+00 9.934027397861303399e+00
7.903903903903904293e+00 9.953994108630139337e+00
7.922922922922923661e+00 9.970394320837550950e+00
7.941941941941942140e+00 9.983210238426776684e+00
7.960960960960961508e+00 9.992427934575445647e+00
7.979979979979980875e+00 9.998037376536899501e+00
7.998998998998999355e+00 1.000003244348591380e+01
8.018018018018018722e+00 9.998410937322171677e+00
8.037037037037038090e+00 9.993174586402686188e+00
8.056056056056057457e+00 9.984329042192440440e+00
8.075075075075076825e+00 9.971883868840382803e+00
8.094094094094094416e+00 9.955852525706044176e+00
8.113113113113113783e+00 9.936252342879777544e+00
8.132132132132133151e+00 9.913104489757504467e+00
8.151151151151150742e+00 9.886433936748296958e+00
8.170170170170170110e+00 9.856269410210435566e+00
8.189189189189189477e+00 9.822643340728612671e+00
8.208208208208208845e+00 9.785591804861452303e+00
8.227227227227228212e+00 9.745154460504764415e+00
8.246246246246247580e+00 9.701374476031666916e+00
8.265265265265266947e+00 9.654298453385859347e+00
8.284284284284284539e+00 9.603976345318965713e+00
8.303303303303303906e+00 9.550461366976863431e+00
8.322322322322323274e+00 9.493809902053328642e+00
8.341341341341340865e+00 9.434081403741837235e+00
8.360360360360360232e+00 9.371338290728392195e+00
8.379379379379379600e+00 9.305645838479437160e+00
8.398398398398398967e+00 9.237072066089064393e+00
8.417417417417418335e+00 9.165687618959493577e+00
8.436436436436437702e+00 9.091565647597242616e+00
8.455455455455457070e+00 9.014781682815380393e+00
8.474474474474474661e+00 8.935413507639013986e+00
8.493493493493494029e+00 8.853541026217154553e+00
8.512512512512513396e+00 8.769246130049339172e+00
8.531531531531530987e+00 8.682612561839194498e+00
8.550550550550550355e+00 8.593725777290579515e+00
8.569569569569569722e+00 8.502672805164202430e+00
8.588588588588589090e+00 8.409542105913640597e+00
8.607607607607608458e+00 8.314423429220408224e+00
8.626626626626627825e+00 8.217407670746970538e+00
8.645645645645647193e+00 8.118586728425221111e+00
8.664664664664666560e+00 8.018053358595542690e+00
8.683683683683684151e+00 7.915901032308418905e+00
8.702702702702703519e+00 7.812223792096288477e+00
8.721721721721721110e+00 7.707116109518741709e+00
8.740740740740740478e+00 7.600672743777932006e+00
8.759759759759759845e+00 7.492988601695092399e+00
8.778778778778779213e+00 7.384158599331296813e+00
8.797797797797798580e+00 7.274277525527941712e+00
8.816816816816817948e+00 7.163439907633610382e+00
8.835835835835837315e+00 7.051739879674680189e+00
8.854854854854856683e+00 6.939271053217155760e+00
8.873873873873874274e+00 6.826126391156706497e+00
8.892892892892893641e+00 6.712398084662796194e+00
8.911911911911913009e+00 6.598177433491610344e+00
8.930930930930930600e+00 6.483554729870118827e+00
8.949949949949949968e+00 6.368619146141673681e+00
8.968968968968969335e+00 6.253458626350878902e+00
8.987987987987988703e+00 6.138159781932245984e+00
9.007007007007008070e+00 6.022807791654314791e+00
9.026026026026027438e+00 5.907486305957316830e+00
9.045045045045045029e+00 5.792277355809010153e+00
9.064064064064064397e+00 5.677261266189598921e+00
9.083083083083083764e+00 5.562516574303121075e+00
9.102102102102103132e+00 5.448119952598634796e+00
9.121121121121122499e+00 5.334146136671205518e+00
9.140140140140140090e+00 5.220667858098838821e+00
9.159159159159159458e+00 5.107755782258003308e+00
9.178178178178178825e+00 4.995478451147273624e+00
9.197197197197198193e+00 4.883902231235033753e+00
9.216216216216217560e+00 4.773091266334700933e+00
9.235235235235235152e+00 4.663107435497999553e+00
9.254254254254254519e+00 4.554010315904490014e+00
9.273273273273273887e+00 4.445857150713785622e+00
9.292292292292293254e+00 4.338702821834806045e+00
9.311311311311312622e+00 4.232599827555617367e+00
9.330330330330330213e+00 4.127598264966321651e+00
9.349349349349349581e+00 4.023745817097125865e+00
9.368368368368368948e+00 3.921087744683990461e+00
9.387387387387388316e+00 3.819666882464536783e+00
9.406406406406407683e+00 3.719523639898312251e+00
9.425425425425425274e+00 3.620696006196967520e+00
9.444444444444444642e+00 3.523219559542072332e+00
9.463463463463464009e+00 3.427127480361184197e+00
9.482482482482483377e+00 3.332450568525775481e+00
9.501501501501502744e+00 3.239217264328775325e+00
9.520520520520520336e+00 3.147453673093709714e+00
9.539539539539539703e+00 3.057183593262472243e+00
9.558558558558559071e+00 2.968428547804434547e+00
9.577577577577578438e+00 2.881207818785494368e+00
9.596596596596597806e+00 2.795538484932663437e+00
9.615615615615617173e+00 2.711435462026868581e+00
9.634634634634634764e+00 2.628911545954577544e+00
9.653653653653654132e+00 2.547977458247138394e+00
9.672672672672673500e+00 2.468641893935824339e+00
9.691691691691692867e+00 2.390911571549725334e+00
9.710710710710712235e+00 2.314791285083849903e+00
9.729729729729729826e+00 2.240283957765087042e+00
9.748748748748749193e+00 2.167390697444592007e+00
9.767767767767768561e+00 2.096110853446674582e+00
9.786786786786787928e+00 2.026442074705849805e+00
9.805805805805807296e+00 1.958380369026174961e+00
9.824824824824824887e+00 1.891920163299501745e+00
9.843843843843844255e+00 1.827054364522282537e+00
9.862862862862863622e+00 1.763774421454079144e+00
9.881881881881882990e+00 1.702070386764374055e+00
9.900900900900902357e+00 1.641930979518551714e+00
9.919919919919919948e+00 1.583343647858062697e+00
9.938938938938939316e+00 1.526294631734361307e+00
9.957957957957958683e+00 1.470769025561119880e+00
9.976976976976978051e+00 1.416750840654037669e+00
9.995995995995997419e+00 1.364223067332973383e+00
1.001501501501501501e+01 1.313167736566390076e+00
1.003403403403403438e+01 1.263565981043629494e+00
1.005305305305305374e+01 1.215398095566272652e+00
1.007207207207207311e+01 1.168643596655423167e+00
1.009109109109109248e+01 1.123281281277724863e+00
1.011011011011011007e+01 1.079289284598729859e+00
1.012912912912912944e+01 1.036645136678125967e+00
1.014814814814814881e+01 9.953258180273598654e-01
1.016716716716716817e+01 9.553078139559589843e-01
1.018618618618618754e+01 9.165671676389094413e-01
1.020520520520520513e+01 8.790795318432133021e-01
1.022422422422422450e+01 8.428202192575645624e-01
1.024324324324324387e+01 8.077642513748658493e-01
1.026226226226226323e+01 7.738864058828320847e-01
1.028128128128128260e+01 7.411612625235839413e-01
1.030030030030030019e+01 7.095632473884637692e-01
1.031931931931931956e+01 6.790666756196190867e-01
1.033833833833833893e+01 6.496457924950811424e-01
1.035735735735735830e+01 6.212748128789704616e-01
1.037637637637637766e+01 5.939279590233877970e-01
1.039539539539539703e+01 5.675794967131559954e-01
1.041441441441441462e+01 5.422037697490831309e-01
1.043343343343343399e+01 5.177752327697000556e-01
1.045245245245245336e+01 4.942684824155926804e-01
1.047147147147147273e+01 4.716582868442797949e-01
1.049049049049049209e+01 4.499196136073922991e-01
1.050950950950950968e+01 4.290276559053860517e-01
1.052852852852852905e+01 4.089578572383397170e-01
1.054754754754754842e+01 3.896859344745354226e-01
1.056656656656656779e+01 3.711878993613693112e-01
1.058558558558558715e+01 3.534400785059059746e-01
1.060460460460460475e+01 3.364191318548520049e-01
1.062362362362362411e+01 3.201020697060293352e-01
1.064264264264264348e+01 3.044662682855542868e-01
1.066166166166166285e+01 2.894894839267799225e-01
1.068068068068068222e+01 2.751498658888187898e-01
1.069969969969969981e+01 2.614259678539550547e-01
1.071871871871871917e+01 2.482967581445890970e-01
1.073773773773773854e+01 2.357416287015354772e-01
1.075675675675675791e+01 2.237404028664335409e-01
1.077577577577577728e+01 2.122733420118787795e-01
1.079479479479479487e+01 2.013211510635094792e-01
1.081381381381381424e+01 1.908649829587662217e-01
1.083283283283283360e+01 1.808864420874071177e-01
1.085185185185185297e+01 1.713675867590139790e-01
1.087087087087087234e+01 1.622909307428178627e-01
1.088988988988988993e+01 1.536394439250794719e-01
1.090890890890890930e+01 1.453965521290596641e-01
1.092792792792792866e+01 1.375461361423185036e-01
1.094694694694694803e+01 1.300725299956307091e-01
1.096596596596596740e+01 1.229605185373049830e-01
1.098498498498498499e+01 1.161953343460600252e-01
1.100400400400400436e+01 1.097626540249004995e-01
1.102302302302302373e+01 1.036485939176612636e-01
1.104204204204204309e+01 9.783970528900000352e-02
1.106106106106106246e+01 9.232296900771168324e-02
1.108008008008008005e+01 8.708578977223345452e-02
1.109909909909909942e+01 8.211598991616333998e-02
1.111811811811811879e+01 7.740180283053374466e-02
1.113713713713713815e+01 7.293186603842848059e-02
1.115615615615615752e+01 6.869521395637795402e-02
1.117517517517517689e+01 6.468127037575822913e-02
1.119419419419419448e+01 6.087984069619635508e-02
1.121321321321321385e+01 5.728110394174005388e-02
1.123223223223223322e+01 5.387560458929668838e-02
1.125125125125125258e+01 5.065424423756898636e-02
1.127027027027027195e+01 4.760827314345348477e-02
1.128928928928928954e+01 4.472928165158856356e-02
1.130830830830830891e+01 4.200919154147135515e-02
1.132732732732732828e+01 3.944024731530446776e-02
1.134634634634634764e+01 3.701500744847543295e-02
1.136536536536536701e+01 3.472633562334309643e-02
1.138438438438438460e+01 3.256739196578092160e-02
1.140340340340340397e+01 3.053162430272881450e-02
1.142242242242242334e+01 2.861275945783142011e-02
1.144144144144144271e+01 2.680479460108227754e-02
1.146046046046046207e+01 2.510198866727605949e-02
1.147947947947947966e+01 2.349885385697005058e-02
1.149849849849849903e+01 2.199014723259135745e-02
1.151751751751751840e+01 2.057086242129585463e-02
1.153653653653653777e+01 1.923622143517892194e-02
1.155555555555555713e+01 1.798166661847699216e-02
1.157457457457457473e+01 1.680285273046524044e-02
1.159359359359359409e+01 1.569563917186068275e-02
1.161261261261261346e+01 1.465608236168397874e-02
1.163163163163163283e+01 1.368042827070578907e-02
1.165065065065065220e+01 1.276510511682206646e-02
1.166966966966966979e+01 1.190671622695153170e-02
1.168868868868868915e+01 1.110203306933583468e-02
1.170770770770770852e+01 1.034798845944970291e-02
1.172672672672672789e+01 9.641669942085307615e-03
1.174574574574574726e+01 8.980313351574739991e-03
1.176476476476476485e+01 8.361296551544310923e-03
1.178378378378378422e+01 7.782133355060939957e-03
1.180280280280280358e+01 7.240467625532437911e-03
1.182182182182182295e+01 6.734067558255029708e-03
1.184084084084084232e+01 6.260820142069641048e-03
1.185985985985985991e+01 5.818725800184850958e-03
1.187887887887887928e+01 5.405893208852762498e-03
1.189789789789789864e+01 5.020534292242798645e-03
1.191691691691691801e+01 4.660959391543576316e-03
1.193593593593593738e+01 4.325572606038514262e-03
1.195495495495495675e+01 4.012867303640872685e-03
1.197397397397397434e+01 3.721421798140289467e-03
1.199299299299299371e+01 3.449895190203430394e-03
1.201201201201201307e+01 3.197023368985771417e-03
1.203103103103103244e+01 2.961615171046727037e-03
1.205005005005005181e+01 2.742548693118613753e-03
1.206906906906906940e+01 2.538767755156545302e-03
1.208808808808808877e+01 2.349278509992737927e-03
1.210710710710710813e+01 2.173146195833082755e-03
1.212612612612612750e+01 2.009492027764175816e-03
1.214514514514514687e+01 1.857490224386275889e-03
1.216416416416416446e+01 1.716365165648925861e-03
1.218318318318318383e+01 1.585388677941160316e-03
1.220220220220220320e+01 1.463877442476739640e-03
1.222122122122122256e+01 1.351190523014425332e-03
1.224024024024024193e+01 1.246727008964780082e-03
1.225925925925925952e+01 1.149923769956023162e-03
1.227827827827827889e+01 1.060253317961872910e-03
1.229729729729729826e+01 9.772217731335507921e-04
1.231631631631631763e+01 9.003669295244621671e-04
1.233533533533533699e+01 8.292564169500492516e-04
1.235435435435435458e+01 7.634859552850045824e-04
1.237337337337337395e+01 7.026776975656190589e-04
1.239239239239239332e+01 6.464786583354873882e-04
1.241141141141141269e+01 5.945592237474210196e-04
1.243043043043043205e+01 5.466117400130986658e-04
1.244944944944944965e+01 5.023491768735706105e-04
1.246846846846846901e+01 4.615038628482093209e-04
1.248748748748748838e+01 4.238262891063503276e-04
1.250650650650650775e+01 3.890839788941808579e-04
1.252552552552552712e+01 3.570604195393032817e-04
1.254454454454454471e+01 3.275540541460426045e-04
1.256356356356356407e+01 3.003773301858826510e-04
1.258258258258258344e+01 2.753558022790671502e-04
1.260160160160160281e+01 2.523272865548276079e-04
1.262062062062062218e+01 2.311410640690238780e-04
1.263963963963963977e+01 2.116571308485623961e-04
1.265865865865865914e+01 1.937454922217752705e-04
1.267767767767767850e+01 1.772854991827841730e-04
1.269669669669669787e+01 1.621652246253790916e-04
1.271571571571571724e+01 1.482808773681920786e-04
1.273473473473473483e+01 1.355362519775599498e-04
1.275375375375375420e+01 1.238422124774564577e-04
1.277277277277277356e+01 1.131162081170749033e-04
1.279179179179179293e+01 1.032818194459081315e-04
1.281081081081081230e+01 9.426833302354420603e-05
1.282982982982983167e+01 8.601034316664254791e-05
1.284884884884884926e+01 7.844737920876123738e-05
1.286786786786786863e+01 7.152355681972438859e-05
1.288688688688688799e+01 6.518725200009194761e-05
1.290590590590590736e+01 5.939079643292048720e-05
1.292492492492492673e+01 5.409019293945990586e-05
1.294394394394394432e+01 4.924484984762705675e-05
1.296296296296296369e+01 4.481733314208714662e-05
1.298198198198198305e+01 4.077313532256749361e-05
1.300100100100100242e+01 3.708045995259662346e-05
1.302002002002002179e+01 3.371002093430213061e-05
1.303903903903903938e+01 3.063485559617022550e-05
1.305805805805805875e+01 2.783015072984471912e-05
1.307707707707707812e+01 2.527308075915663893e-05
1.309609609609609748e+01 2.294265726964082834e-05
1.311511511511511685e+01 2.081958916990416669e-05
1.313413413413413444e+01 1.888615279736320041e-05
1.315315315315315381e+01 1.712607132014540206e-05
1.317217217217217318e+01 1.552440282439302926e-05
1.319119119119119254e+01 1.406743651186291330e-05
1.321021021021021191e+01 1.274259646665720807e-05
1.322922922922922950e+01 1.153835248218006791e-05
1.324824824824824887e+01 1.044413747006549794e-05
1.326726726726726824e+01 9.450271001914417081e-06
1.328628628628628761e+01 8.547888562264140182e-06
1.330530530530530697e+01 7.728876117359900378e-06
1.332432432432432456e+01 6.985809629048889241e-06
1.334334334334334393e+01 6.311899166535557987e-06
1.336236236236236330e+01 5.700937290876422744e-06
1.338138138138138267e+01 5.147251408002140197e-06
1.340040040040040203e+01 4.645659805796245736e-06
1.341941941941941963e+01 4.191431109375542531e-06
1.343843843843843899e+01 3.780246906264758291e-06
1.345745745745745836e+01 3.408167309684454857e-06
1.347647647647647773e+01 3.071599243722907319e-06
1.349549549549549710e+01 2.767267248790878844e-06
1.351451451451451469e+01 2.492186619503995928e-06
1.353353353353353405e+01 2.243638700047060080e-06
1.355255255255255342e+01 2.019148174191114262e-06
1.357157157157157279e+01 1.816462198495984993e-06
1.359059059059059216e+01 1.633531237881387364e-06
1.360960960960961152e+01 1.468491472723588042e-06
1.362862862862862912e+01 1.319648655970373259e-06
1.364764764764764848e+01 1.185463307499381728e-06
1.366666666666666785e+01 1.064537141107598682e-06
1.368568568568568722e+01 9.556006271444699976e-07
1.370470470470470659e+01 8.575016009199998885e-07
1.372372372372372418e+01 7.691948336601237749e-07
1.374274274274274354e+01 6.897324889740158337e-07
1.376176176176176291e+01 6.182553935678548542e-07
1.378078078078078228e+01 5.539850563124504549e-07
1.379979979979980165e+01 4.962163747728497038e-07
1.381881881881881924e+01 4.443109729586496733e-07
1.383783783783783861e+01 3.976911183769202799e-07
1.385685685685685797e+01 3.558341704856769557e-07
1.387587587587587734e+01 3.182675163741861676e-07
1.389489489489489671e+01 2.845639529560732894e-07
1.391391391391391430e+01 2.543374781692313031e-07
1.393293293293293367e+01 2.272394566496847002e-07
1.395195195195195303e+01 2.029551281005060651e-07
1.397097097097097240e+01 1.812004291260598660e-07
1.398998998998999177e+01 1.617191016604664393e-07
1.400900900900900936e+01 1.442800632998916270e-07
1.402802802802802873e+01 1.286750168636184720e-07
1.404704704704704810e+01 1.147162783702184960e-07
1.406606606606606746e+01 1.022348043332660452e-07
1.408508508508508683e+01 9.107840086623029898e-08
1.410410410410410442e+01 8.111009854772983310e-08
1.412312312312312379e+01 7.220667834526108742e-08
1.414214214214214316e+01 6.425733513609144875e-08
1.416116116116116252e+01 5.716246650598018238e-08
1.418018018018018189e+01 5.083257555708389088e-08
1.419919919919919948e+01 4.518727742253437055e-08
1.421821821821821885e+01 4.015440007310313076e-08
1.423723723723723822e+01 3.566917081697921366e-08
1.425625625625625759e+01 3.167348064245374077e-08
1.427527527527527695e+01 2.811521924037900460e-08
1.429429429429429455e+01 2.494767417335725511e-08
1.431331331331331391e+01 2.212898823616391820e-08
1.433233233233233328e+01 1.962166958102753980e-08
1.435135135135135265e+01 1.739214966585255584e-08
1.437037037037037202e+01 1.541038452686078671e-08
1.438938938938938961e+01 1.364949528268112700e-08
1.440840840840840897e+01 1.208544414768491716e-08
1.442742742742742834e+01 1.069674257116314425e-08
1.444644644644644771e+01 9.464188428349352407e-09
1.446546546546546708e+01 8.370629471739002471e-09
1.448448448448448644e+01 7.400750508836101566e-09
1.450350350350350404e+01 6.540882007443307065e-09
1.452252252252252340e+01 5.778828043778737171e-09
1.454154154154154277e+01 5.103711703808277990e-09
1.456056056056056214e+01 4.505836225823257563e-09
1.457957957957958151e+01 3.976560333963979972e-09
1.459859859859859910e+01 3.508186359440526858e-09
1.461761761761761846e+01 3.093859879898147378e-09
1.463663663663663783e+01 2.727479728863115947e-09
1.465565565565565720e+01 2.403617337547211124e-09
1.467467467467467657e+01 2.117444471460257027e-09
1.469369369369369416e+01 1.864668515170261517e-09
1.471271271271271353e+01 1.641474540981396938e-09
1.473173173173173289e+01 1.444473472021815560e-09
1.475075075075075226e+01 1.270655717932786308e-09
1.476976976976977163e+01 1.117349722660205681e-09
1.478878878878878922e+01 9.821849193435780145e-10
1.480780780780780859e+01 8.630586375040794434e-10
1.482682682682682795e+01 7.581065531350181586e-10
1.484584584584584732e+01 6.656763133332426925e-10
1.486486486486486669e+01 5.843040041831386655e-10
1.488388388388388428e+01 5.126931640805061867e-10
1.490290290290290365e+01 4.496960748975913158e-10
1.492192192192192302e+01 3.942970906474300117e-10
1.494094094094094238e+01 3.455977878828672608e-10
1.495995995995996175e+01 3.028037442167195307e-10
1.497897897897897934e+01 2.652127713040711129e-10
1.499799799799799871e+01 2.322044465952074559e-10
1.501701701701701808e+01 2.032308043386144530e-10
1.503603603603603744e+01 1.778080608602120500e-10
1.505505505505505681e+01 1.555092622250488208e-10
1.507407407407407440e+01 1.359577541430572654e-10
1.509309309309309377e+01 1.188213845405932723e-10
1.511211211211211314e+01 1.038073587014642827e-10
1.513113113113113251e+01 9.065767539100444563e-11
1.515015015015015187e+01 7.914508001078962380e-11
1.516916916916916946e+01 6.906947767659617113e-11
1.518818818818818883e+01 6.025475524704543576e-11
1.520720720720720820e+01 5.254596682613711757e-11
1.522622622622622757e+01 4.580684218385342231e-11
1.524524524524524693e+01 3.991758194338460806e-11
1.526426426426426630e+01 3.477290732362624402e-11
1.528328328328328389e+01 3.028033574881719571e-11
1.530230230230230326e+01 2.635865678618171528e-11
1.532132132132132263e+01 2.293658568567887711e-11
1.534034034034034200e+01 1.995157430809126470e-11
1.535935935935936136e+01 1.734876146994886049e-11
1.537837837837837895e+01 1.508004673422906238e-11
1.539739739739739832e+01 1.310327345970197529e-11
1.541641641641641769e+01 1.138150851190626364e-11
1.543543543543543706e+01 9.882407455459745287e-12
1.545445445445445642e+01 8.577655309087926164e-12
1.547347347347347402e+01 7.442474067837003457e-12
1.549249249249249338e+01 6.455189196213504435e-12
1.551151151151151275e+01 5.596848184712263698e-12
1.553053053053053212e+01 4.850885052227379399e-12
1.554954954954955149e+01 4.202825378844939790e-12
1.556856856856856908e+01 3.640027077012037796e-12
1.558758758758758844e+01 3.151452662603545189e-12
1.560660660660660781e+01 2.727469278599984411e-12
1.562562562562562718e+01 2.359673159769259895e-12
1.564464464464464655e+01 2.040735613020817166e-12
1.566366366366366414e+01 1.764267930418626465e-12
1.568268268268268351e+01 1.524702955070697775e-12
1.570170170170170287e+01 1.317191288601562541e-12
1.572072072072072224e+01 1.137510366535723003e-12
1.573973973973974161e+01 9.819848381322684943e-13
1.575875875875875920e+01 8.474168730920638433e-13
1.577777777777777857e+01 7.310251818545016239e-13
1.579679679679679793e+01 6.303916813536364451e-13
1.581581581581581730e+01 5.434148662874073710e-13
1.583483483483483667e+01 4.682690591039675325e-13
1.585385385385385426e+01 4.033688117445652371e-13
1.587287287287287363e+01 3.473378202319388648e-13
1.589189189189189300e+01 2.989817908144977968e-13
1.591091091091091236e+01 2.572647647744637337e-13
1.592992992992993173e+01 2.212884692533372406e-13
1.594894894894894932e+01 1.902743144885444357e-13
1.596796796796796869e+01 1.635477045327416287e-13
1.598698698698698806e+01 1.405243695875532006e-13
1.600600600600600742e+01 1.206984641866540621e-13
1.602502502502502679e+01 1.036322071942764949e-13
1.604404404404404616e+01 8.894686746143856176e-14
1.606306306306306197e+01 7.631492346156511163e-14
1.608208208208208134e+01 6.545324671420809226e-14
1.610110110110110071e+01 5.611717765810179093e-14
1.612012012012012008e+01 4.809537916854408020e-14
1.613913913913913944e+01 4.120536740833116291e-14
1.615815815815815881e+01 3.528963240208708324e-14
1.617717717717717818e+01 3.021227184819084950e-14
1.619619619619619755e+01 2.585607142201197104e-14
1.621521521521521692e+01 2.211997334760139089e-14
1.623423423423423628e+01 1.891688247100515807e-14
1.625325325325325565e+01 1.617176558788744755e-14
1.627227227227227502e+01 1.382000547635372430e-14
1.629129129129129439e+01 1.180597606412429983e-14
1.631031031031031375e+01 1.008180950663745250e-14
1.632932932932933312e+01 8.606329747577255525e-15
1.634834834834834894e+01 7.344130444561177586e-15
1.636736736736736830e+01 6.264778030687858673e-15
1.638638638638638767e+01 5.342123200406154834e-15
1.640540540540540704e+01 4.553706302219196943e-15
1.642442442442442641e+01 3.880244031932381231e-15
1.644344344344344222e+01 3.305186484224690752e-15
1.646246246246246159e+01 2.814335068630305537e-15
1.648148148148148096e+01 2.395513056006545486e-15
1.650050050050050032e+01 2.038281617251506217e-15
1.651951951951951969e+01 1.733695168458706436e-15
1.653853853853853906e+01 1.474090664229532704e-15
1.655755755755755843e+01 1.252906199590209414e-15
1.657657657657657779e+01 1.064524904920657252e-15
1.659559559559559716e+01 9.041406597670564889e-16
1.661461461461461653e+01 7.676426210889554338e-16
1.663363363363363590e+01 6.515159687323744022e-16
1.665265265265265526e+01 5.527566238755354287e-16
1.667167167167167463e+01 4.687980019728242842e-16
1.669069069069069400e+01 3.974481265200278980e-16
1.670970970970971337e+01 3.368356591773729974e-16
1.672872872872872918e+01 2.853636001156530327e-16
1.674774774774774855e+01 2.416695839845626295e-16
1.676676676676676792e+01 2.045918452006229087e-16
1.678578578578578728e+01 1.731400544077730086e-16
1.680480480480480665e+01 1.464703386682883624e-16
1.682382382382382602e+01 1.238638935304984366e-16
1.684284284284284183e+01 1.047086776235676613e-16
1.686186186186186120e+01 8.848375160958617073e-17
1.688088088088088057e+01 7.474588470855296767e-17
1.689989989989989994e+01 6.311810492809413202e-17
1.691891891891891930e+01 5.327991472701709644e-17
1.693793793793793867e+01 4.495893311573799859e-17
1.695695695695695804e+01 3.792375901048270571e-17
1.697597597597597741e+01 3.197787975893890819e-17
1.699499499499499677e+01 2.695447378937615025e-17
1.701401401401401614e+01 2.271197786252575752e-17
1.703303303303303551e+01 1.913030790942559756e-17
1.705205205205205488e+01 1.610763833705992586e-17
1.707107107107107069e+01 1.355765833818835744e-17
1.709009009009009006e+01 1.140723546417368252e-17
1.710910910910910943e+01 9.594426779199562376e-18
1.712812812812812879e+01 8.066786543309000397e-18
1.714714714714714816e+01 6.779926770655921508e-18
1.716616616616616753e+01 5.696293350941400457e-18
1.718518518518518690e+01 4.784125855136732114e-18
1.720420420420420626e+01 4.016573799487287589e-18
1.722322322322322563e+01 3.370946124882088334e-18
1.724224224224224500e+01 2.828074056982869422e-18
1.726126126126126437e+01 2.371770427796926176e-18
1.728028028028028018e+01 1.988371031945069547e-18
1.729929929929929955e+01 1.666345721150197817e-18
1.731831831831831892e+01 1.395968760373010695e-18
1.733733733733733828e+01 1.169039523131893004e-18
1.735635635635635765e+01 9.786459301509860086e-19
1.737537537537537702e+01 8.189641674195915815e-19
1.739439439439439639e+01 6.850891851965960679e-19
1.741341341341341575e+01 5.728913026068225437e-19
1.743243243243243512e+01 4.788949439531664491e-19
1.745145145145145449e+01 4.001761304416841471e-19
1.747047047047047030e+01 3.342758598706234228e-19
1.748948948948948967e+01 2.791269399653882811e-19
1.750850850850850904e+01 2.329922095687914882e-19
1.752752752752752841e+01 1.944123953285163611e-19
1.754654654654654777e+01 1.621621179913246919e-19
1.756556556556556714e+01 1.352127888609573437e-19
1.758458458458458651e+01 1.127013293375894582e-19
1.760360360360360588e+01 9.390380979566361989e-20
1.762262262262262524e+01 7.821324269692464334e-20
1.764164164164164461e+01 6.512088246374554705e-20
1.766066066066066043e+01 5.420048439868476550e-20
1.767967967967967979e+01 4.509505950963244045e-20
1.769869869869869916e+01 3.750573376915532255e-20
1.771771771771771853e+01 3.118238104612527527e-20
1.773673673673673790e+01 2.591575035294201744e-20
1.775575575575575726e+01 2.153085156089215594e-20
1.777477477477477663e+01 1.788140054763528877e-20
1.779379379379379600e+01 1.484515587296714250e-20
1.781281281281281537e+01 1.232000539754043941e-20
1.783183183183183473e+01 1.022068349948473007e-20
1.785085085085085055e+01 8.476018330289351657e-21
1.786986986986986992e+01 7.026624413911087514e-21
1.788888888888888928e+01 5.822969281537222652e-21
1.790790790790790865e+01 4.823754130131615845e-21
1.792692692692692802e+01 3.994558019158127952e-21
1.794594594594594739e+01 3.306703150647303520e-21
1.796496496496496675e+01 2.736305545137546057e-21
1.798398398398398612e+01 2.263481126451517624e-21
1.800300300300300549e+01 1.871682028065412561e-21
1.802202202202202486e+01 1.547141973669154258e-21
1.804104104104104067e+01 1.278412983373421282e-21
1.806006006006006004e+01 1.055978515451999415e-21
1.807907907907907941e+01 8.719305564911492976e-22
1.809809809809809877e+01 7.197001921103861460e-22
1.811711711711711814e+01 5.938328866171918584e-22
1.813613613613613751e+01 4.898011241856769072e-22
1.815515515515515688e+01 4.038482595417680515e-22
1.817417417417417624e+01 3.328584290630061911e-22
1.819319319319319561e+01 2.742482143135351272e-22
1.821221221221221498e+01 2.258764551615931472e-22
1.823123123123123435e+01 1.859692005182698484e-22
1.825025025025025016e+01 1.530572797028307720e-22
1.826926926926926953e+01 1.259243918895370324e-22
1.828828828828828890e+01 1.035639579837853945e-22
1.830730730730730826e+01 8.514326950823427684e-23
1.832632632632632763e+01 6.997371181126076149e-23
1.834534534534534700e+01 5.748604183401636793e-23
1.836436436436436637e+01 4.720987025010087250e-23
1.838338338338338573e+01 3.875663944700228168e-23
1.840240240240240510e+01 3.180550710190370887e-23
1.842142142142142447e+01 2.609164383323588863e-23
1.844044044044044028e+01 2.139653578373133568e-23
1.845945945945945965e+01 1.753995169261092959e-23
1.847847847847847902e+01 1.437329129067876295e-23
1.849749749749749839e+01 1.177407958381919279e-23
1.851651651651651775e+01 9.641411352515689700e-24
1.853553553553553712e+01 7.892183305072753413e-24
1.855455455455455649e+01 6.457978882251126117e-24
1.857357357357357586e+01 5.282493642284373977e-24
1.859259259259259522e+01 4.319408227627770532e-24
1.861161161161161459e+01 3.530631771422294776e-24
1.863063063063063041e+01 2.884851779546982637e-24
1.864964964964964977e+01 2.356337471503605081e-24
1.866866866866866914e+01 1.923952654196755743e-24
1.868768768768768851e+01 1.570341748812794990e-24
1.870670670670670788e+01 1.281258852478139812e-24
1.872572572572572724e+01 1.045014909839312720e-24
1.874474474474474661e+01 8.520223756405351682e-25
1.876376376376376598e+01 6.944203180455663306e-25
1.878278278278278535e+01 5.657658689336653541e-25
1.880180180180180471e+01 4.607803757510109560e-25
1.882082082082082053e+01 3.751406362553838673e-25
1.883983983983983990e+01 3.053072745927867065e-25
1.885885885885885926e+01 2.483837043680934136e-25
1.887787787787787863e+01 2.020002713709421963e-25
1.889689689689689800e+01 1.642191166222713523e-25
1.891591591591591737e+01 1.334560836316698454e-25
1.893493493493493673e+01 1.084166405901319225e-25
1.895395395395395610e+01 8.804332220834816104e-26
1.897297297297297547e+01 7.147263656290162206e-26
1.899199199199199484e+01 5.799974580272695803e-26
1.901101101101101420e+01 4.704952929058202851e-26
1.903003003003003002e+01 3.815288479921384968e-26
1.904904904904904939e+01 3.092732692810915514e-26
1.906806806806806875e+01 2.506110954782597984e-26
1.908708708708708812e+01 2.030023709440043477e-26
1.910610610610610749e+01 1.643784311751698962e-26
1.912512512512512686e+01 1.330550792219481623e-26
1.914414414414414622e+01 1.076616397780052086e-26
1.916316316316316559e+01 8.708300925460803339e-27
1.918218218218218496e+01 7.041233909706831598e-27
1.920120120120120433e+01 5.691241584188527058e-27
1.922022022022022014e+01 4.598415137090321304e-27
1.923923923923923951e+01 3.714088403445169337e-27
1.925825825825825888e+01 2.998742694578199616e-27
1.927727727727727824e+01 2.420299298375931750e-27
1.929629629629629761e+01 1.952728444622259797e-27
1.931531531531531698e+01 1.574916509968272534e-27
1.933433433433433635e+01 1.269743869533515869e-27
1.935335335335335571e+01 1.023334507969567225e-27
1.937237237237237508e+01 8.244456283812975598e-28
1.939139139139139445e+01 6.639713273766699107e-28
1.941041041041041026e+01 5.345391724545048607e-28
1.942942942942942963e+01 4.301824158603939427e-28
1.944844844844844900e+01 3.460737644628086590e-28
1.946746746746746837e+01 2.783092273484309456e-28
1.948648648648648773e+01 2.237326876873381628e-28
1.950550550550550710e+01 1.797935798466338706e-28
1.952452452452452647e+01 1.444314679244673069e-28
1.954354354354354584e+01 1.159824761442472768e-28
1.956256256256256520e+01 9.310346263453527210e-29
1.958158158158158457e+01 7.471059509836133276e-29
1.960060060060060039e+01 5.992961171585581968e-29
1.961961961961961975e+01 4.805555946992561047e-29
1.963863863863863912e+01 3.852021630887221829e-29
1.965765765765765849e+01 3.086574062682744028e-29
1.967667667667667786e+01 2.472336571875824037e-29
1.969569569569569722e+01 1.979617979933947671e-29
1.971471471471471659e+01 1.584521337172422000e-29
1.973373373373373596e+01 1.267820294943732118e-29
1.975275275275275533e+01 1.014051969829158702e-29
1.977177177177177470e+01 8.107848632222558987e-30
1.979079079079079406e+01 6.480282769735148639e-30
1.980980980980980988e+01 5.177560559437538725e-30
1.982882882882882924e+01 4.135226701278207322e-30
1.984784784784784861e+01 3.301538493358696059e-30
1.986686686686686798e+01 2.634973868441301120e-30
1.988588588588588735e+01 2.102224850794678037e-30
1.990490490490490672e+01 1.676582483275381628e-30
1.992392392392392608e+01 1.336637338386258651e-30
1.994294294294294545e+01 1.065234341176773850e-30
1.996196196196196482e+01 8.486324505047259072e-31
1.998098098098098419e+01 6.758292994057349144e-31
2.000000000000000000e+01 5.380186160021138026e-31
