1.000000000000000021e-08 1.725293644933979433e-32
1.042404007021555791e-08 1.874714648238393901e-32
1.086606113854598039e-08 2.037076427345187206e-32
1.132682567136153826e-08 2.213499733005038351e-32
1.180712846666189067e-08 2.405202379895239702e-32
1.230779802506665817e-08 2.613507652957036196e-32
1.282969797894147492e-08 2.839853441774216643e-32
1.337372858212497672e-08 3.085802166046040671e-32
1.394082826282578570e-08 3.353051560667962942e-32
1.453197524236895469e-08 3.643446394867998465e-32
1.514818922258347182e-08 3.958991206293540578e-32
1.579053314474175991e-08 4.301864137949900499e-32
1.646011502308549594e-08 4.674431973504658633e-32
1.715808985610006679e-08 5.079266474743687407e-32
1.788566161883461814e-08 5.519162133953530388e-32
1.864408533970485183e-08 5.997155463772068123e-32
1.943466926536022081e-08 6.516545957661622192e-32
2.025877711735017262e-08 7.080918865691292608e-32
2.111783044448242138e-08 7.694169942846165907e-32
2.201331107493032439e-08 8.360532340696541451e-32
2.294676367231936303e-08 9.084605828055980358e-32
2.391979840020237176e-08 9.871388542334164163e-32
2.493409369951880444e-08 1.072631149075840565e-31
2.599139918382932954e-08 1.165527603962050379e-31
2.709353865732048915e-08 1.266469465033188764e-31
2.824241326078435657e-08 1.376153514348093410e-31
2.944000475100033758e-08 1.495336879644090513e-31
3.068837891917645527e-08 1.624842260653964628e-31
3.198968915434537821e-08 1.765563608055472722e-31
3.334618015786362555e-08 1.918472294254529719e-31
3.476019181541981112e-08 2.084623818597974280e-31
3.623416323323149587e-08 2.265165093301089707e-31
3.777063694539364668e-08 2.461342360383760330e-31
3.937226329963483252e-08 2.674509794264639024e-31
4.104180502904709428e-08 2.906138849395987104e-31
4.278214201767621886e-08 3.157828417464836108e-31
4.459627626819095302e-08 3.431315864274084537e-31
4.648733708020256814e-08 3.728489022490164821e-31
4.845858644816500441e-08 4.051399223041459251e-31
5.051342468816766289e-08 4.402275455121893897e-31
5.265539630332755200e-08 4.783539752544792761e-31
5.488819609789677040e-08 5.197823912657105631e-31
5.721567555063251450e-08 5.647987663223078662e-31
5.964184945842460106e-08 6.137138402681829492e-31
6.217090286163833290e-08 6.668652650043672320e-31
6.480719826311970364e-08 7.246199352492037673e-31
6.755528315331639721e-08 7.873765211581769822e-31
7.041989785449295322e-08 8.555682202858094802e-31
7.340598369757212442e-08 9.296657478862460330e-31
7.651869154570817861e-08 1.010180586194395495e-30
7.976339067929281194e-08 1.097668515117178634e-30
8.314567805772064209e-08 1.192733448707064742e-30
8.667138797389224784e-08 1.296031603900939384e-30
9.034660211810534464e-08 1.408276030300867091e-30
9.417766006869518808e-08 1.530241532265692653e-30
9.817117022752183165e-08 1.662770017290613406e-30
1.023340212191642215e-07 1.806776307594383143e-30
1.066733937734857130e-07 1.963254455031511180e-30
1.111967731120697747e-07 2.133284602921343982e-30
1.159119618598885682e-07 2.318040442161164094e-30
1.208270935044775971e-07 2.518797313092992655e-30
1.259506464258358884e-07 2.736941009051597717e-30
1.312914585212465275e-07 2.973977342364658950e-30
1.368587424502520482e-07 3.231542538839901388e-30
1.426621015260738263e-07 3.511414532492573275e-30
1.487115462808953781e-07 3.815525238481883813e-30
1.550175117335771904e-07 4.145973888977089876e-30
1.615908753895919081e-07 4.505041524012038424e-30
1.684429760042315257e-07 4.895206737360141013e-30
1.755856331414470512e-07 5.319162786125074688e-30
1.830311675620613017e-07 5.779836182157050240e-30
1.907924224765264963e-07 6.280406893633970365e-30
1.988827856988811764e-07 6.824330296261878696e-30
2.073162127401231252e-07 7.415361025627696452e-30
2.161072508808376594e-07 8.057578895361823827e-30
2.252710642645982695e-07 8.755417060028528541e-30
2.348234600554276511e-07 9.513692617158959604e-30
2.447809157044440390e-07 1.033763985968036093e-29
2.551606073727186320e-07 1.123294640829099515e-29
2.659804395593758544e-07 1.220579247321289078e-29
2.772590759860481158e-07 1.326289351635847751e-29
2.890159717909511334e-07 1.441154660842097636e-29
3.012714070881164328e-07 1.565968080090772752e-29
3.140465219496748803e-07 1.701591186085366105e-29
3.273633528715247702e-07 1.848960174606898082e-29
3.412448707852889448e-07 2.009092323150384063e-29
3.557150206821382366e-07 2.183093013287514720e-29
3.707987629168172595e-07 2.372163361234089307e-29
3.865221162631261751e-07 2.577608509299841280e-29
4.029122027951351789e-07 2.800846635461062383e-29
4.199972946715306122e-07 3.043418743253849498e-29
4.378068629038166329e-07 3.306999299573735354e-29
4.563716281924763051e-07 3.593407793820811771e-29
4.757236139187889243e-07 3.904621298190850263e-29
4.958962013837222009e-07 4.242788115825028222e-29
5.169241873891603347e-07 4.610242611041094102e-29
5.388438442608223497e-07 5.009521324031065325e-29
5.616929824163815049e-07 5.443380481277891436e-29
5.855110155867243528e-07 5.914815022580808973e-29
6.103390288028621038e-07 6.427079276050268560e-29
6.362198492657495432e-07 6.983709423811348735e-29
6.631981202212675770e-07 7.588547913518964456e-29
6.913203779678128213e-07 8.245769984223624446e-29
7.206351321293059285e-07 8.959912489724592839e-29
7.511929493320968915e-07 9.735905218411750152e-29
7.830465404301182578e-07 1.057910492583558562e-28
8.162508514287236451e-07 1.149533231497513927e-28
8.508631582640581318e-07 1.249091221952846927e-28
8.869431656014703861e-07 1.357271726766816683e-28
9.245531098233580113e-07 1.474821532773632095e-28
9.637578663841089376e-07 1.602552106347048348e-28
1.004625061717340180e-06 1.741345195473055418e-28
1.047225189888435394e-06 1.892158917053198273e-28
1.091631734193614770e-06 2.056034371470043491e-28
1.137921293915313960e-06 2.234102830087586894e-28
1.186173716452479197e-06 2.427593545315790603e-28
1.236472235053714927e-06 2.637842237168163974e-28
1.288903612390891551e-06 2.866300314913352553e-28
1.343558290220826187e-06 3.114544897498266121e-28
1.400530545393222473e-06 3.384289701937300596e-28
1.459918652473977078e-06 3.677396874856901727e-28
1.521825053264387058e-06 3.995889848899056883e-28
1.586356533508592829e-06 4.341967312765508226e-28
1.653624407094178687e-06 4.718018391377650781e-28
1.723744708063619884e-06 5.126639140984963360e-28
1.796838390767722947e-06 5.570650473137953475e-28
1.873031538506438410e-06 6.053117631312784605e-28
1.952455581016861103e-06 6.577371354699554043e-28
2.035247521183579910e-06 7.147030875321818473e-28
2.121550171362452519e-06 7.766028907320588693e-28
2.211512399725488909e-06 8.438638800999479630e-28
2.305289387051710850e-06 9.169504049183232543e-28
2.403042894406969757e-06 9.963670349695083133e-28
2.504941542174502410e-06 1.082662044542011563e-27
2.611161100917462053e-06 1.176431198261332934e-27
2.721884794575179673e-06 1.278321864896809483e-27
2.837303616516211435e-06 1.389037487562549055e-27
2.957616658993256599e-06 1.509342441193295588e-27
3.083031456568277085e-06 1.640067310852645272e-27
3.213764344100275447e-06 1.782114627339608633e-27
3.350040829913136129e-06 1.936465099720071283e-27
3.492095984787271205e-06 2.104184387844645830e-27
3.640174847446137571e-06 2.286430461647144778e-27
3.794532847236942309e-06 2.484461598074012808e-27
3.955436244734701173e-06 2.699645070903478328e-27
4.123162591029747908e-06 2.933466593503682555e-27
4.298001206490798531e-06 3.187540579784829180e-27
4.480253679829498847e-06 3.463621294258258104e-27
4.670234388327330377e-06 3.763614968263708458e-27
4.868271040122284053e-06 4.089592966107886353e-27
5.074705239490476054e-06 4.443806092118564443e-27
5.289893076098145533e-06 4.828700137510946865e-27
5.514205739240301802e-06 5.246932774538750463e-27
5.748030158125362767e-06 5.701391914722926001e-27
5.991769669310612853e-06 6.195215658081668882e-27
6.245844712439617693e-06 6.731813971293336855e-27
6.510693555481467715e-06 7.314892244688089319e-27
6.786773050723302017e-06 7.948476890968690141e-27
7.074559422819878311e-06 8.636943162691682447e-27
7.374549090259561664e-06 9.385045380899921878e-27
7.687259521663735955e-06 1.019794978399064402e-26
8.013230128396886409e-06 1.108127022404656442e-26
8.353023195026787283e-06 1.204110695757532174e-26
8.707224849239921313e-06 1.308408879903532198e-26
9.076446072885356405e-06 1.421741892882045262e-26
9.461323755890779059e-06 1.544892467269266197e-26
9.862521794868783995e-06 1.678711159717132041e-26
1.028073223830864773e-05 1.824122229529883718e-26
1.071667648032864333e-05 1.982130026971083208e-26
1.117110650504824176e-05 2.153825935527827276e-26
1.164480618372685418e-05 2.340395916199936081e-26
1.213859262690628995e-05 2.543128706056814427e-26
1.265331759388942887e-05 2.763424727843170960e-26
1.318986896198669182e-05 3.002805772348056338e-26
1.374917225806420378e-05 3.262925520613817697e-26
1.433219225503573986e-05 3.545580978891206821e-26
1.493993463605256153e-05 3.852724905583571728e-26
1.557344772926135167e-05 4.186479316311408312e-26
1.623382431612281556e-05 4.549150160717353749e-26
1.692220351641035697e-05 4.943243272772706845e-26
1.763977275314045312e-05 5.371481705196962535e-26
1.838776980082330764e-05 5.836824568223153608e-26
1.916748492056813148e-05 6.342487503403691907e-26
1.998026308572550550e-05 6.891964934523632949e-26
2.082750630190518509e-05 7.489054250053132745e-26
2.171067602537267172e-05 8.137882085016673381e-26
2.263129568399529777e-05 8.842932884772972884e-26
2.359095330508638664e-05 9.609079949094378555e-26
2.459130425468046297e-05 1.044161917221715794e-25
2.563407409296515038e-05 1.134630571332736582e-25
2.672106155079437918e-05 1.232939385238136668e-25
2.785414163241768898e-05 1.339768030838364407e-25
2.903526884977813914e-05 1.455855132141139255e-25
3.026648059395695245e-05 1.582003382595553750e-25
3.154990064958088780e-05 1.719085107173193270e-25
3.288774285825509885e-05 1.868048307920297210e-25
3.428231493733974476e-05 2.029923235085905574e-25
3.573602246065788401e-05 2.205829529608555365e-25
3.725137300800209639e-05 2.396983986744304197e-25
3.883098049059608917e-05 2.604708994969753169e-25
4.047756965997322426e-05 2.830441709027286967e-25
4.219398080805024284e-05 3.075744021128955488e-25
4.398317466650228581e-05 3.342313399937025669e-25
4.584823751389095932e-05 3.631994673034167657e-25
4.779238649935594978e-05 3.946792835227507743e-25
4.981897519205165294e-05 4.288886972245634665e-25
5.193149936590212571e-05 4.660645397239308499e-25
5.413360302965375723e-05 5.064642106040474798e-25
5.642908471262542147e-05 5.503674666431708172e-25
5.882190401699967781e-05 5.980783666798028493e-25
6.131618844795768525e-05 6.499273860546948397e-25
6.391624053344005150e-05 7.062737154671320661e-25
6.662654524581163073e-05 7.675077603878947255e-25
6.945177773823688636e-05 8.340538585921560317e-25
7.239681140910876969e-05 9.063732349221966463e-25
7.546672630843902273e-05 9.849672140738685672e-25
7.866681790071590008e-05 1.070380714034749541e-24
8.200260619934131279e-05 1.163206044798688231e-24
8.547984528840422633e-05 1.264087039156393758e-24
8.910453324821521659e-05 1.373723544730514039e-24
9.288292250172498895e-05 1.492876309003986408e-24
9.682153059967095780e-05 1.622372291901194982e-24
1.009271514630571888e-04 1.763110443544064379e-24
1.052068671023622786e-04 1.916067988142101642e-24
1.096680598336869630e-04 2.082307258611461967e-24
1.143184250129150245e-04 2.262983130481223035e-24
1.191659843098558737e-04 2.459351107964541041e-24
1.242190995452618560e-04 2.672776119780781682e-24
1.294864871145904987e-04 2.904742087448433664e-24
1.349772330233941922e-04 3.156862334366057195e-24
1.407008085602686571e-04 3.430890910102348198e-24
1.466670866343968511e-04 3.728734910974095556e-24
1.528863588058729521e-04 4.052467885252982673e-24
1.593693530381776018e-04 4.404344419264574286e-24
1.661272522034293005e-04 4.786816009287997514e-24
1.731717133723356357e-04 5.202548333599100994e-24
1.805148879221109997e-04 5.654440049296475796e-24
1.881694424970555652e-04 6.145643249791821415e-24
1.961485808579433343e-04 6.679585731118763234e-24
2.044660666579117651e-04 7.259995228618003524e-24
2.131362471841437593e-04 7.890925800196485698e-24
2.221740781062886937e-04 8.576786548350099854e-24
2.315951492743154505e-04 9.322372890614870223e-24
2.414157116103017771e-04 1.013290060720878814e-23
2.516527051405394329e-04 1.101404291550057502e-23
2.623237882163123851e-04 1.197197084376521899e-23
2.734473679737579768e-04 1.301339720164422648e-23
2.850426320853437548e-04 1.414562447202576855e-23
2.971295818577334162e-04 1.537659697892617334e-23
3.097290667331413267e-04 1.671495771863611505e-23
3.228628202536733467e-04 1.817011027716321792e-23
3.365534975507094152e-04 1.975228629616873479e-23
3.508247144239795708e-04 2.147261899247794774e-23
3.657010880777493184e-04 2.334322328322129045e-23
3.812082795843888027e-04 2.537728312013118504e-23
3.973730381485612601e-04 2.758914669292204121e-23
4.142232472483898067e-04 2.999443022351524239e-23
4.317879727332021378e-04 3.261013114067223787e-23
4.500975129608051229e-04 3.545475149896194630e-23
4.691834510607798968e-04 3.854843258758114937e-23
4.890787094139589959e-04 4.191310176409035684e-23
5.098176064420429331e-04 4.557263264642135971e-23
5.314359158053241772e-04 4.955301990446019759e-23
5.539709281106400826e-04 5.388257001107967131e-23
5.774615152359826014e-04 5.859210944277518265e-23
6.019481973827273949e-04 6.371521196325990808e-23
6.274732129711587487e-04 6.928844678082276025e-23
6.540805914998259248e-04 7.535164954340485469e-23
6.818162294944478787e-04 8.194821832587545172e-23
7.107279696773426267e-04 8.912543697363872513e-23
7.408656834939568014e-04 9.693482839753367672e-23
7.722813571388642594e-04 1.054325406691855610e-22
8.050291812295988936e-04 1.146797690459894290e-22
8.391656442830161588e-04 1.247432173635069796e-22
8.747496301554415774e-04 1.356956025732439049e-22
9.118425196146581063e-04 1.476162065788935226e-22
9.505082962189511427e-04 1.605914799379534149e-22
9.908136566858666023e-04 1.747157024522514030e-22
1.032828125941029481e-03 1.900917061749420074e-22
1.076624177045493267e-03 2.068316669181182620e-22
1.122277356208509387e-03 2.250579709599489091e-22
1.169866413101308027e-03 2.449041643295000224e-22
1.219473436696738231e-03 2.665159927982286191e-22
1.271183996869030197e-03 2.900525415371991685e-22
1.325087291997953777e-03 3.156874843171825990e-22
1.381276302832009544e-03 3.436104531445132283e-22
1.439847952876009609e-03 3.740285403495986588e-22
1.500903275579736594e-03 4.071679463893312211e-22
1.564547588616095868e-03 4.432757880025392468e-22
1.630890675549334212e-03 4.826220828837513624e-22
1.700046975206718092e-03 5.255019287315308875e-22
1.772135779080358372e-03 5.722378964016061383e-22
1.847281437099636096e-03 6.231826589723198045e-22
1.925613572129198682e-03 6.787218808333389393e-22
2.007267303562572294e-03 7.392773934631839171e-22
2.092383480396978884e-03 8.053106873948991789e-22
2.181108924191519933e-03 8.773267530136694539e-22
2.273596682327719623e-03 9.558783063195262411e-22
2.370006292009330367e-03 1.041570439661714001e-21
2.470504055456825433e-03 1.135065741751302328e-21
2.575263326771203790e-03 1.237089936033130248e-21
2.684464810961965237e-03 1.348438091800401058e-21
2.798296875655115722e-03 1.469981468324123893e-21
2.916955876018798889e-03 1.602675058810548267e-21
3.040646493467068570e-03 1.747565908266042636e-21
3.169582088726115212e-03 1.905802287421227187e-21
3.303985069871861503e-03 2.078643813834130823e-21
3.444087275973823411e-03 2.267472621256094406e-21
3.590130377007068330e-03 2.473805689414081779e-21
3.742366290721984689e-03 2.699308458661442009e-21
3.901057617190993500e-03 2.945809867612418196e-21
4.066478091781862599e-03 3.215318967053583690e-21
4.238913057338783430e-03 3.510043280283790077e-21
4.418659956385941057e-03 3.832409098758576979e-21
4.606028844202407491e-03 4.185083922705881770e-21
4.801342923653455046e-03 4.571001279463833096e-21
5.004939102700953560e-03 4.993388177914075124e-21
5.217168575554354502e-03 5.455795485817054676e-21
5.438397428464801162e-03 5.962131548400083397e-21
5.669007271207434327e-03 6.516699401531926959e-21
5.909395895340977152e-03 7.124237971599637076e-21
6.159977960380168260e-03 7.789967697181400927e-21
6.421185709064758558e-03 8.519641055213388358e-21
6.693469712958667432e-03 9.319598527050546499e-21
6.977299649665537687e-03 1.019683059813698086e-20
7.273165113001469131e-03 1.115904644948741041e-20
7.581576457522117875e-03 1.221475007044198222e-20
7.903065678861348128e-03 1.337332460085271620e-20
8.238187331399618799e-03 1.464512579768882486e-20
8.587519484845179685e-03 1.604158561677805230e-20
8.951664721378302381e-03 1.757532700583969785e-20
9.331251175078259658e-03 1.926029112097722843e-20
9.726933615426178875e-03 2.111187830631057963e-20
1.013939457675291748e-02 2.314710431640474621e-20
1.056934553557989376e-02 2.538477341460953538e-20
1.101752813788387311e-02 2.784567014843024842e-20
1.148471547840288973e-02 3.055277178668855561e-20
1.197171343418968088e-02 3.353148360361857582e-20
1.247936205471311330e-02 3.680989941330913789e-20
1.300853701090573175e-02 4.041908999515298254e-20
1.356015110565634771e-02 4.439342230827237593e-20
1.413515584835395647e-02 4.877091267129139912e-20
1.473454309619837317e-02 5.359361738420269657e-20
1.535934676510898600e-02 5.890806459222679030e-20
1.601064461318317880e-02 6.476573153803954700e-20
1.668956009978026650e-02 7.122357171884215697e-20
1.739726432343802545e-02 7.834459685844933349e-20
1.813497804196495186e-02 8.619851902137803395e-20
1.890397377819223387e-02 9.486245863479685626e-20
1.970557801501800557e-02 1.044217246434672532e-19
2.054117348353064199e-02 1.149706734999185369e-19
2.141220154815731691e-02 1.266136541835002724e-19
2.232016469295234479e-02 1.394660469429410280e-19
2.326662911331458042e-02 1.536554039614070530e-19
2.425322741760355463e-02 1.693227006428830117e-19
2.528166144331500664e-02 1.866237067041693132e-19
2.635370519267398598e-02 2.057304867156017395e-19
2.747120789270814448e-02 2.268330401507975901e-19
2.863609718508115798e-02 2.501410913632714205e-19
2.985038245118735653e-02 2.758860401838055931e-19
3.111615827824363092e-02 3.043230840012723723e-19
3.243560807235811722e-02 3.357335222206183201e-19
3.381100782480688655e-02 3.704272538490953651e-19
3.524473003801587706e-02 4.087454786040288791e-19
3.673924781802074407e-02 4.510636113141558592e-19
3.829713914046285056e-02 4.977944184464497526e-19
3.992109129748053209e-02 5.493913842683212025e-19
4.161390553316707264e-02 6.063523123794173154e-19
4.337850187558993376e-02 6.692231660372664619e-19
4.521792417370702061e-02 7.386021477669394967e-19
4.713534534786916613e-02 8.151440150867943613e-19
4.913407286296366666e-02 8.995646246906651702e-19
5.121755443364241212e-02 9.926456919828619049e-19
5.338938397147360848e-02 1.095239746337347325e-18
5.565330778427651781e-02 1.208275254711107084e-18
5.801323103833378597e-02 1.332761877141426363e-18
6.047322449462655403e-02 1.469795807051302958e-18
6.303753153071281479e-02 1.620565137030415720e-18
6.571057546036269958e-02 1.786355176707685826e-18
6.849696716357453474e-02 1.968553633352081952e-18
7.140151304013403477e-02 2.168655547814614781e-18
7.442922330043758028e-02 2.388267858264607791e-18
7.758532060787844131e-02 2.629113441821579203e-18
8.087524908770457599e-02 2.893034459634601123e-18
8.430468371788966964e-02 3.181994804270415862e-18
8.787954011821327849e-02 3.498081419578131796e-18
9.160598475443709754e-02 3.843504232742969979e-18
9.549044557518097942e-02 4.220594406387181475e-18
9.953962309984243362e-02 4.631800585834771059e-18
1.037605019766911774e-01 5.079682783718039355e-18
1.081603630310711550e-01 5.566903511856699430e-18
1.127467958244947333e-01 6.096215739912328293e-18
1.175277117462945192e-01 6.670447233096394067e-18
1.225113576604120319e-01 7.292480798863425037e-18
1.277063301308644649e-01 7.965229957039156437e-18
1.331215902504307713e-01 8.691609541528402165e-18
1.387664790981310015e-01 9.474500747264961412e-18
1.446507338521647035e-01 1.031671015638444807e-17
1.507845045861050948e-01 1.122092231599742264e-17
1.571783717773164446e-01 1.218964549995326804e-17
1.638433645577984654e-01 1.322515037234179960e-17
1.707909797389430273e-01 1.432940138498191242e-17
1.780332016430115627e-01 1.550398088853196511e-17
1.855825227755519002e-01 1.675000612061923405e-17
1.934519653744048162e-01 1.806803945751142900e-17
2.016551038724748446e-01 1.945799258057205326e-17
2.102060883130158486e-01 2.091902551614746816e-17
2.191196687578151892e-01 2.244944185722042363e-17
2.284112207303825581e-01 2.404658186478695661e-17
2.380967717380358395e-01 2.570671557170911707e-17
2.481930289186257688e-01 2.742493846411659716e-17
2.587174078595924076e-01 2.919507278427996007e-17
2.696880626390692481e-01 3.100957796946660575e-17
2.811239171408467241e-01 3.285947419472393605e-17
2.930446976972144180e-01 3.473428340061505042e-17
3.054709671159974160e-01 3.662199253215956910e-17
3.184241601504656516e-01 3.850904396108236756e-17
3.319266204733190007e-01 4.038035817503773641e-17
3.460016392185115697e-01 4.221939375742565560e-17
3.606734951574031567e-01 4.400824941156325934e-17
3.759674965785467782e-01 4.572781226619902452e-17
3.919100249433409844e-01 4.735795590217432070e-17
4.085285803928565551e-01 4.887779043562414883e-17
4.258518291843414461e-01 5.026596556475560528e-17
4.439096531392175415e-01 5.150102573214332741e-17
4.627332011878693141e-01 5.256181448763205392e-17
4.823549431001467047e-01 5.342792279481922155e-17
5.028087254942484874e-01 5.408017346789783202e-17
5.241298302206061077e-01 5.450113124352263628e-17
5.463550352214875394e-01 5.467562530025528925e-17
5.695226779712830867e-01 5.459126847873628903e-17
5.936727216069126456e-01 5.423895519503703773e-17
6.188468238624394990e-01 5.361331826085514545e-17
6.450884089267698851e-01 5.271312371858247652e-17
6.724427423484249378e-01 5.154158255402344440e-17
7.009570091165632233e-01 5.010655893309331504e-17
7.306803950529506819e-01 4.842065655399838294e-17
7.616641716552892127e-01 4.650116789259583637e-17
7.939617845382291872e-01 4.436987555447642487e-17
8.276289456246351817e-01 4.205270055549434803e-17
8.627237292461450435e-01 3.957919895884657658e-17
8.993066723187632672e-01 3.698191562584504173e-17
9.374408787663000009e-01 3.429561151599796134e-17
9.771921283717996953e-01 3.155638854255357900e-17
1.018628990244688559e+00 2.880074293477119350e-17
1.061822941099386908e+00 2.606458383463994239e-17
1.106848488549411869e+00 2.338225793775856150e-17
1.153783299629661974e+00 2.078562291624918080e-17
1.202708334768514575e+00 1.830321179372302689e-17
1.253707987440919602e+00 1.595952720051315138e-17
1.306870229743347656e+00 1.377449854556626847e-17
1.362286764141649620e+00 1.176312684729332530e-17
1.420053181653681662e+00 9.935331742520571825e-18
1.480269126739510055e+00 8.296003716791190448e-18
1.543038469183567685e+00 6.845252703054862533e-18
1.608469483265355215e+00 5.578832798478646246e-18
1.676675034527700836e+00 4.488712870698736220e-18
1.747772774464684487e+00 3.563755092017955133e-18
1.821885343465165175e+00 2.790458595388451044e-18
1.899140582361935614e+00 2.153723871973069489e-18
1.979671752951336572e+00 1.637595299345273835e-18
2.063617767863856756e+00 1.225944050050462321e-18
2.151123430182167340e+00 9.030610299867966468e-19
2.242339683219849444e+00 6.541386442044756988e-19
2.337423870891812694e+00 4.656301482021666281e-19
2.436540009125466089e+00 3.254851457061688674e-19
2.539859068780728979e+00 2.232685500973401896e-19
2.647559270567074741e+00 1.501773287321692731e-19
2.759826392466180334e+00 9.897414457003897734e-20
2.876854090190597457e+00 6.385943390579947324e-20
2.998844231231037050e+00 4.030363013653743049e-20
3.126007243068703367e+00 2.485951424031152209e-20
3.258562476153229692e+00 1.497155669546216525e-20
3.396738582272216700e+00 8.795198580059246367e-21
3.540773908965269889e+00 5.034871695798196974e-21
3.690916910662782158e+00 2.805661184168319072e-21
3.847426577258513891e+00 1.520216633796911066e-21
4.010572880855495903e+00 8.000130145148470834e-22
4.180637241455761988e+00 4.083996954683623775e-22
4.357913012397038877e+00 2.019866791436924300e-22
4.542705986374042659e+00 9.665782538775628122e-23
4.735334922917121325e+00 4.469215245887210560e-23
4.936132098237926868e+00 1.993804714482595169e-23
5.145443878390924652e+00 8.569224726526275086e-24
5.363631316739245314e+00 3.542672699840939443e-24
5.591070776755304728e+00 1.406519981674030603e-24
5.828154581230839959e+00 5.353674554179111671e-25
6.075291689016077079e+00 1.950227522774814624e-25
6.332908400455127484e+00 6.786587070776626477e-26
6.601449092734882562e+00 2.251773486377489764e-26
6.881376986415670416e+00 7.109635270271471894e-27
7.173174944465626979e+00 2.131713165669739951e-27
7.477346305177580810e+00 6.056818317235855808e-28
7.794415750404950494e+00 1.627179343432460260e-28
8.124930210614063952e+00 4.123893293830100501e-29
8.469459808314576676e+00 9.836225719698369819e-30
8.828598841495150396e+00 2.202568810610400542e-30
9.202966808760429274e+00 4.618522168965767814e-31
9.593209477938270169e+00 9.044823328416355900e-32
1.000000000000000000e+01 1.649798028391287131e-32
