1.000000000000000021e-08 1.686319737308784334e-32
1.020960662306047573e-08 1.757753391984188023e-32
1.042360673976401127e-08 1.832213025319225532e-32
1.064209244064724662e-08 1.909826819867352316e-32
1.086515774652537309e-08 1.990728388085073193e-32
1.109289864895222728e-08 2.075057002346595102e-32
1.132541315152812586e-08 2.162957834701956027e-32
1.156280131207375345e-08 2.254582206791560213e-32
1.180516528568805511e-08 2.350087850347290081e-32
1.205260936870841423e-08 2.449639178728544145e-32
1.230524004359261556e-08 2.553407569960880436e-32
1.256316602474121502e-08 2.661571661764250333e-32
1.282649830528059880e-08 2.774317659078944015e-32
1.309535020482667656e-08 2.891839654618572158e-32
1.336983741824945163e-08 3.014339963001798341e-32
1.365007806546013870e-08 3.142029469038317663e-32
1.393619274224143554e-08 3.275127990768315910e-32
1.422830457214351951e-08 3.413864657880667035e-32
1.452653925946781286e-08 3.558478306161242804e-32
1.483102514336102971e-08 3.709217888650175064e-32
1.514189325304351916e-08 3.866342904216306020e-32
1.545927736419478449e-08 4.030123844286136683e-32
1.578331405652116584e-08 4.200842658496707866e-32
1.611414277253019916e-08 4.378793240073907176e-32
1.645190587753660894e-08 4.564281931771606896e-32
1.679674872092653039e-08 4.757628053243021440e-32
1.714881969870541006e-08 4.959164450751682608e-32
1.750827031735723254e-08 5.169238070168741684e-32
1.787525525904235371e-08 5.388210554242930214e-32
1.824993244816150550e-08 5.616458865171109604e-32
1.863246311931559845e-08 5.854375933541728027e-32
1.902301188668945940e-08 6.102371334767701473e-32
1.942174681489024579e-08 6.360871994173736594e-32
1.982883949127071522e-08 6.630322921951744620e-32
2.024446509976801904e-08 6.911187979249262332e-32
2.066880249629081913e-08 7.203950676710412811e-32
2.110203428568596572e-08 7.509115006843267416e-32
2.154434690031882249e-08 7.827206311647232585e-32
2.199593068030074662e-08 8.158772186993865731e-32
2.245697995539776369e-08 8.504383425317692413e-32
2.292769312865648615e-08 8.864634998240434547e-32
2.340827276178294330e-08 9.240147080820047529e-32
2.389892566231047717e-08 9.631566119187401953e-32
2.439986297259550245e-08 1.003956594340947258e-31
2.491130026067791020e-08 1.046484892749376986e-31
2.543345761304648167e-08 1.090814719853188906e-31
2.596655972934872592e-08 1.137022389706342924e-31
2.651083601908536188e-08 1.185187449082945922e-31
2.706652070033241198e-08 1.235392814417844701e-31
2.763385290053172716e-08 1.287724914548060317e-31
2.821307675939470684e-08 1.342273839500916816e-31
2.880444153396297831e-08 1.399133495584969395e-31
2.940820170587060748e-08 1.458401767050652191e-31
3.002461709085549308e-08 1.520180684599100134e-31
3.065395295056529701e-08 1.584576601029056431e-31
3.129648010670750201e-08 1.651700374324394634e-31
3.195247505759213554e-08 1.721667558497390681e-31
3.262222009711666501e-08 1.794598602516208174e-31
3.330600343624588813e-08 1.870619057659236912e-31
3.400411932703709772e-08 1.949859793653025723e-31
3.471686818926559129e-08 2.032457223966086638e-31
3.544455673970435844e-08 2.118553540646352168e-31
3.618749812411276485e-08 2.208296959106451259e-31
3.694601205199302233e-08 2.301841973278465136e-31
3.772042493417001160e-08 2.399349621577112998e-31
3.851107002325568895e-08 2.500987764129472823e-31
3.931828755705770014e-08 2.606931371748411392e-31
4.014242490499318098e-08 2.717362827147091201e-31
4.098383671757261581e-08 2.832472238913346486e-31
4.184288507901584496e-08 2.952457768784153000e-31
4.271993966306776573e-08 3.077525972783849844e-31
4.361537789208006011e-08 3.207892156813298133e-31
4.452958509942659919e-08 3.343780747302022483e-31
4.546295469532399297e-08 3.485425677561631190e-31
4.641588833612782064e-08 3.633070790505547654e-31
4.738879609717651283e-08 3.786970258428177354e-31
4.838209664925957534e-08 3.947389020566563275e-31
4.939621743878325726e-08 4.114603239197321775e-31
5.043159487171358896e-08 4.288900775054463615e-31
5.148867450137497517e-08 4.470581682886376100e-31
5.256791122018418908e-08 4.659958728004905641e-31
5.366976945540476201e-08 4.857357924716256208e-31
5.479472336900292506e-08 5.063119097560055675e-31
5.594325706169377633e-08 5.277596466323283693e-31
5.711586478126434916e-08 5.501159255835976343e-31
5.831305113526218891e-08 5.734192331598283652e-31
5.953533130814370377e-08 5.977096862333677650e-31
6.078323128297235971e-08 6.230291010608232253e-31
6.205728806776500176e-08 6.494210652705533729e-31
6.335804992658254581e-08 6.769310128996192923e-31
6.468607661546320413e-08 7.056063026093599972e-31
6.604193962330305823e-08 7.354962992142986209e-31
6.742622241778348566e-08 7.666524586646605146e-31
6.883952069645496603e-08 7.991284166288724663e-31
7.028244264308352925e-08 8.329800808285085188e-31
7.175560918936920574e-08 8.682657272846216874e-31
7.325965428215229734e-08 9.050461006412189822e-31
7.479522515621828447e-08 9.433845187385015770e-31
7.636298261282241588e-08 9.833469816159800676e-31
7.796360130405236723e-08 1.025002285133090100e-30
7.959777002314977632e-08 1.068422139402857821e-30
8.126619200091945714e-08 1.113681292242625457e-30
8.296958520834915208e-08 1.160857657854219929e-30
8.470868266557402418e-08 1.210032450955210853e-30
8.648423275731727208e-08 1.261290326592131831e-30
8.829699955494083135e-08 1.314719525876302843e-30
9.014776314524917822e-08 1.370412027893276557e-30
9.203731996618230385e-08 1.428463708047273851e-30
9.396648314954691030e-08 1.488974503113339059e-30
9.593608287093146495e-08 1.552048583281305959e-30
9.794696670695386041e-08 1.617794531487708628e-30
9.999999999999999547e-08 1.686325530344504021e-30
1.020960662306047507e-07 1.757759556986245785e-30
1.042360673976401193e-07 1.832219586171289096e-30
1.064209244064724629e-07 1.909833801986641052e-30
1.086515774652537309e-07 1.990735818520826432e-30
1.109289864895222728e-07 2.075064909884861753e-30
1.132541315152812719e-07 2.162966249977116518e-30
1.156280131207375345e-07 2.254591162405000120e-30
1.180516528568805511e-07 2.350097380993709137e-30
1.205260936870841390e-07 2.449649321330357321e-30
1.230524004359261457e-07 2.553418363811262744e-30
1.256316602474121370e-07 2.661583148679361870e-30
1.282649830528060013e-07 2.774329883559925144e-30
1.309535020482667590e-07 2.891852664023946123e-30
1.336983741824945362e-07 3.014353807730943694e-30
1.365007806546013903e-07 3.142044202726714130e-30
1.393619274224143521e-07 3.275143670495334011e-30
1.422830457214352017e-07 3.413881344390702810e-30
1.452653925946781319e-07 3.558496064099034845e-30
1.483102514336102938e-07 3.709236786811252829e-30
1.514189325304351982e-07 3.866363015813505218e-30
1.545927736419478581e-07 4.030145247233228064e-30
1.578331405652116518e-07 4.200865435710239381e-30
1.611414277253019916e-07 4.378817479794438184e-30
1.645190587753660894e-07 4.564307727905548338e-30
1.679674872092653172e-07 4.757655505726441269e-30
1.714881969870540874e-07 4.959193665937460300e-30
1.750827031735723386e-07 5.169269161238589243e-30
1.787525525904235503e-07 5.388243641645864479e-30
1.824993244816150550e-07 5.616494077090083330e-30
1.863246311931559712e-07 5.854413406390214018e-30
1.902301188668945808e-07 6.102411213718172546e-30
1.942174681489024380e-07 6.360914433720074709e-30
1.982883949127071257e-07 6.630368086507748323e-30
2.024446509976801771e-07 6.911236043785615472e-30
2.066880249629082045e-07 7.204001827432518088e-30
2.110203428568596572e-07 7.509169441912620472e-30
2.154434690031882183e-07 7.827264241949118855e-30
2.199593068030074729e-07 8.158833836954343195e-30
2.245697995539771671e-07 8.504449033772990100e-30
2.292769312865648880e-07 8.864704819362373185e-30
2.340827276178294396e-07 9.240221385100492010e-30
2.389892566231048048e-07 9.631645194486315487e-30
2.439986297259550047e-07 1.003965009607006309e-29
2.491130026067785858e-07 1.046493848352924944e-29
2.543345761304648365e-07 1.090824250488864439e-29
2.596655972934872394e-07 1.137032532296482739e-29
2.651083601908536254e-07 1.185198242920646173e-29
2.706652070033241330e-07 1.235404301319176158e-29
2.763385290053166761e-07 1.287737139014063470e-29
2.821307675939470486e-07 1.342286848890023874e-29
2.880444153396297765e-07 1.399147340296439386e-29
2.940820170587060616e-07 1.458416500719844542e-29
3.002461709085549440e-07 1.520196364305254140e-29
3.065395295056523877e-07 1.584593287516414853e-29
3.129648010670750201e-07 1.651718132237555346e-29
3.195247505759213819e-07 1.721686456631705966e-29
3.262222009711673251e-07 1.794618714084335395e-29
3.330600343624588548e-07 1.870640460574731749e-29
3.400411932703702757e-07 1.949882570832222115e-29
3.471686818926559261e-07 2.032481463649321514e-29
3.544455673970435314e-07 2.118579336739770032e-29
3.618749812411284293e-07 2.208324411545850978e-29
3.694601205199302498e-07 2.301871188416404242e-29
3.772042493416993616e-07 2.399380712594972813e-29
3.851107002325569028e-07 2.501020851475933175e-29
3.931828755705770411e-07 2.606966583606024693e-29
4.014242490499326039e-07 2.717400299928919981e-29
4.098383671757261184e-07 2.832512117791382270e-29
4.184288507901584760e-07 2.952500208251787388e-29
4.271993966306776441e-07 3.077571137254342707e-29
4.361537789208005614e-07 3.207940221256740700e-29
4.452958509942659919e-07 3.343831897923176765e-29
4.546295469532399562e-07 3.485480112521299684e-29
4.641588833612782064e-07 3.633128720688261362e-29
4.738879609717650886e-07 3.787031908259170619e-29
4.838209664925956740e-07 3.947454628881210480e-29
4.939621743878326255e-07 4.114673060166401093e-29
5.043159487171359161e-07 4.288975079168825073e-29
5.148867450137498046e-07 4.470660758004837231e-29
5.256791122018419569e-07 4.660042880469435912e-29
5.366976945540476201e-07 4.857447480538756096e-29
5.479472336900292506e-07 5.063214403685351738e-29
5.594325706169378030e-07 5.277697891973206445e-29
5.711586478126434652e-07 5.501267193939739274e-29
5.831305113526218361e-07 5.734307200314722366e-29
5.953533130814370245e-07 5.977219106671203859e-29
6.078323128297236501e-07 6.230421104148836317e-29
6.205728806776500970e-07 6.494349099439448161e-29
6.335804992658254581e-07 6.769457465274382810e-29
6.468607661546320942e-07 7.056219822705611699e-29
6.604193962330305293e-07 7.355129856528211784e-29
6.742622241778349095e-07 7.666702165247539564e-29
6.883952069645495809e-07 7.991473147055289242e-29
7.028244264308353190e-07 8.330001923339815660e-29
7.175560918936920574e-07 8.682871301320502965e-29
7.325965428215229999e-07 9.050688777464681882e-29
7.479522515621828447e-07 9.434087583413818161e-29
7.636298261282241323e-07 9.833727776220929919e-29
7.796360130405236458e-07 1.025029737477620478e-28
7.959777002314977897e-07 1.068451354437730076e-28
8.126619200091945450e-07 1.113712383148511477e-28
8.296958520834914679e-07 1.160890745079007987e-28
8.470868266557402682e-07 1.210067662680626270e-28
8.648423275731726679e-07 1.261327799230314773e-28
8.829699955494082870e-07 1.314759404598277373e-28
9.014776314524917028e-07 1.370454467191346551e-28
9.203731996618230385e-07 1.428508872333533629e-28
9.396648314954690500e-07 1.489022567356608572e-28
9.593608287093147819e-07 1.552099733684969614e-28
9.794696670695385247e-07 1.617848966211070374e-28
9.999999999999999547e-07 1.686383460270467456e-28
1.020960662306047480e-06 1.757821206538274640e-28
1.042360673976401061e-06 1.832285194182837328e-28
1.064209244064724734e-06 1.909903622626399865e-28
1.086515774652537176e-06 1.990810122277373732e-28
1.109289864895222755e-06 2.075143984614553533e-28
1.132541315152812586e-06 2.163050402019239528e-28
1.156280131207375345e-06 2.254680717768552222e-28
1.180516528568805485e-06 2.350192686620351088e-28
1.205260936870841443e-06 2.449750746438483457e-28
1.230524004359261563e-06 2.553526301326356236e-28
1.256316602474121423e-06 2.661698016756199585e-28
1.282649830528059960e-06 2.774452127202518584e-28
1.309535020482667643e-06 2.891982756809493189e-28
1.336983741824945150e-06 3.014492253644474856e-28
1.365007806546013744e-06 3.142191538113546696e-28
1.393619274224143468e-06 3.275300466138872378e-28
1.422830457214351858e-06 3.414048207723668509e-28
1.452653925946781160e-06 3.558673641556668819e-28
1.483102514336102938e-06 3.709425766335610362e-28
1.514189325304352035e-06 3.866564129518553481e-28
1.545927736419478581e-06 4.030359274241061982e-28
1.578331405652119747e-06 4.201093205169426766e-28
1.611414277253019916e-06 4.379059874092076046e-28
1.645190587753660682e-06 4.564565686085736148e-28
1.679674872092653225e-06 4.757930027128078764e-28
1.714881969870540874e-06 4.959485814065700086e-28
1.750827031735726827e-06 5.169580067884884014e-28
1.787525525904235397e-06 5.388574511272436164e-28
1.824993244816150497e-06 5.616846191496138156e-28
1.863246311931559818e-06 5.854788129677545941e-28
1.902301188668945808e-06 6.102809997575694815e-28
1.942174681489028298e-06 6.361338823047690983e-28
1.982883949127071257e-06 6.630819725401179556e-28
2.024446509976801877e-06 6.911716681905754277e-28
2.066880249629081940e-06 7.204513326783491753e-28
2.110203428568596572e-06 7.509713784055200974e-28
2.154434690031886471e-06 7.827843535677285445e-28
2.199593068030074676e-06 8.159450326464582335e-28
2.245697995539771724e-06 8.505105107358466417e-28
2.292769312865648563e-06 8.865403018664982462e-28
2.340827276178294449e-06 9.240964414957178169e-28
2.389892566231052495e-06 9.632435933407545433e-28
2.439986297259550047e-06 1.004049160739096853e-27
2.491130026067785964e-06 1.046583402727710885e-27
2.543345761304648260e-06 1.090919555041196379e-27
2.596655972934872394e-06 1.137133956237354002e-27
2.651083601908541548e-06 1.185306179167503581e-27
2.706652070033241224e-06 1.235519168018051669e-27
2.763385290053166867e-06 1.287859381159479046e-27
2.821307675939470909e-06 1.342416940048864214e-27
2.880444153396297871e-06 1.399285784442530564e-27
2.940820170587066651e-06 1.458563834186330417e-27
3.002461709085549440e-06 1.520353157862300662e-27
3.065395295056523666e-06 1.584760148582374991e-27
3.129648010670750519e-06 1.651895707232052197e-27
3.195247505759213607e-06 1.721875433479826670e-27
3.262222009711673251e-06 1.794819824881611701e-27
3.330600343624588548e-06 1.870854484423228255e-27
3.400411932703702440e-06 1.950110336858722326e-27
3.471686818926559579e-06 2.032723854217309536e-27
3.544455673970435632e-06 2.118837290867636947e-27
3.618749812411284082e-06 2.208598928544577611e-27
3.694601205199302392e-06 2.302163331760814949e-27
3.772042493416993404e-06 2.399691614043542335e-27
3.851107002325569028e-06 2.501351715455119604e-27
3.931828755705770305e-06 2.607318691876111375e-27
4.014242490499326145e-06 2.717775016549425609e-27
4.098383671757261184e-06 2.832910894405297170e-27
4.184288507901575761e-06 2.952924589709078558e-27
4.271993966306776970e-06 3.078022767596586298e-27
4.361537789208005296e-06 3.208420850085880509e-27
4.452958509942660131e-06 3.344343387179341647e-27
4.546295469532399562e-06 3.486024443695717022e-27
4.641588833612772641e-06 3.633708002499304034e-27
4.738879609717650886e-06 3.787648384821324934e-27
4.838209664925956952e-06 3.948110688398394081e-27
4.939621743878325620e-06 4.115371244183602226e-27
5.043159487171358525e-06 4.289718092417677078e-27
5.148867450137487247e-06 4.471451478881351432e-27
5.256791122018419569e-06 4.660884372184544382e-27
5.366976945540475778e-06 4.858343002984617069e-27
5.479472336900292930e-06 5.064167426063733979e-27
5.594325706169377607e-06 5.278712106234588852e-27
5.711586478126423005e-06 5.502346529085298399e-27
5.831305113526218997e-06 5.735455837616682069e-27
5.953533130814370033e-06 5.978441495870208659e-27
6.078323128297236501e-06 6.231721980691530795e-27
6.205728806776500758e-06 6.495733502822668746e-27
6.335804992658241028e-06 6.770930758567175816e-27
6.468607661546320942e-06 7.057787713324803780e-27
6.604193962330304870e-06 7.356798418347588015e-27
6.742622241778348883e-06 7.668477862126867936e-27
6.883952069645496021e-06 7.993362857879888893e-27
7.028244264308338155e-06 8.332012968667776494e-27
7.175560918936921209e-06 8.685011471740991457e-27
7.325965428215230423e-06 9.052966363776624078e-27
7.479522515621828658e-06 9.436511408742596435e-27
7.636298261282241959e-06 9.836307230196935761e-27
7.796360130405221000e-06 1.025304244990780448e-26
7.959777002314978321e-06 1.068743487475935995e-26
8.126619200091945026e-06 1.114023273399236830e-26
8.296958520834915102e-06 1.161221596891572796e-26
8.470868266557402259e-06 1.210419757731497061e-26
8.648423275731709315e-06 1.261702501487943159e-26
8.829699955494083082e-06 1.315158165606721294e-26
9.014776314524917239e-06 1.370878831693077522e-26
9.203731996618229962e-06 1.428960484253297933e-26
9.396648314954690500e-06 1.489503176169457077e-26
9.593608287093146548e-06 1.552611201193139455e-26
9.794696670695385670e-06 1.618393273755974936e-26
1.000000000000000082e-05 1.686962716407715953e-26
1.020960662306047607e-05 1.758437655205464094e-26
1.042360673976401146e-05 1.832941223391736982e-26
1.064209244064724650e-05 1.910601773713208419e-26
1.086515774652537261e-05 1.991553099746881770e-26
1.109289864895222712e-05 2.075934666616310811e-26
1.132541315152812671e-05 2.163891851496346293e-26
1.156280131207375302e-05 2.255576194322217226e-26
1.180516528568805612e-05 2.351145659136205539e-26
1.205260936870841401e-05 2.450764906523518310e-26
1.230524004359261647e-05 2.554605577608561490e-26
1.256316602474121465e-05 2.662846590102261747e-26
1.282649830528059917e-05 2.775674446912532977e-26
1.309535020482667643e-05 2.893283557851413822e-26
1.336983741824945150e-05 3.015876574995040580e-26
1.365007806546013744e-05 3.143664742276732431e-26
1.393619274224143468e-05 3.276868259917457933e-26
1.422830457214351858e-05 3.415716664324365942e-26
1.452653925946781202e-05 3.560449224114432916e-26
1.483102514336102853e-05 3.711315352948235617e-26
1.514189325304351951e-05 3.868575039888509028e-26
1.545927736419478539e-05 4.032499298027762783e-26
1.578331405652116359e-05 4.203370632161714539e-26
1.611414277253019959e-05 4.381483526317871570e-26
1.645190587753660725e-05 4.567144951982961336e-26
1.679674872092653225e-05 4.760674897909546087e-26
1.714881969870540916e-05 4.962406922418505633e-26
1.750827031735726955e-05 5.172688729154327359e-26
1.787525525904235524e-05 5.391882767289924525e-26
1.824993244816150412e-05 5.620366857220786837e-26
1.863246311931559903e-05 5.858534842832154269e-26
1.902301188668945850e-05 6.106797271469274031e-26
1.942174681489028298e-05 6.365582102789121533e-26
1.982883949127071257e-05 6.635335447721708903e-26
2.024446509976801623e-05 6.916522338821973728e-26
2.066880249629082024e-05 7.209627533347361641e-26
2.110203428568596656e-05 7.515156350453442535e-26
2.154434690031886725e-05 7.833635543959387742e-26
2.199593068030074845e-05 8.165614212196531036e-26
2.245697995539771554e-05 8.511664746518380920e-26
2.292769312865648647e-05 8.872383820117182822e-26
2.340827276178294449e-05 9.248393418862728339e-26
2.389892566231052579e-05 9.640341915952396825e-26
2.439986297259550131e-05 1.004890519223719960e-25
2.491130026067785879e-05 1.047478780416885784e-25
2.543345761304648090e-05 1.091872420139529855e-25
2.596655972934872479e-05 1.138147999611900654e-25
2.651083601908541632e-05 1.186385328642301296e-25
2.706652070033241139e-05 1.236667603586285317e-25
2.763385290053166867e-05 1.289081551172176874e-25
2.821307675939470740e-05 1.343717578442805371e-25
2.880444153396297702e-05 1.400669929074074012e-25
2.940820170587066820e-05 1.460036846342149192e-25
3.002461709085549186e-05 1.521920743022557072e-25
3.065395295056523920e-05 1.586428378516751601e-25
3.129648010670750265e-05 1.653671043514152345e-25
3.195247505759213607e-05 1.723764752511021712e-25
3.262222009711673420e-05 1.796830444521192411e-25
3.330600343624588548e-05 1.872994192327976810e-25
3.400411932703702948e-05 1.952387420641619898e-25
3.471686818926559409e-05 2.035147133542128127e-25
3.544455673970435463e-05 2.121416151603689001e-25
3.618749812411283743e-05 2.211343359113833443e-25
3.694601205199302477e-05 2.305083961818101766e-25
3.772042493416993489e-05 2.402799755639571469e-25
3.851107002325568519e-05 2.504659406841695099e-25
3.931828755705769966e-05 2.610838744123086747e-25
4.014242490499325976e-05 2.721521063153881257e-25
4.098383671757261184e-05 2.836897444084967095e-25
4.184288507901575761e-05 2.957167082584384393e-25
4.271993966306776293e-05 3.082537634978775875e-25
4.361537789208005635e-05 3.213225578102680498e-25
4.452958509942659792e-05 3.349456584484402707e-25
4.546295469532399562e-05 3.491465913523962082e-25
4.641588833612772302e-05 3.639498819347040689e-25
4.738879609717651056e-05 3.793810976047959587e-25
4.838209664925957121e-05 3.954668921065539616e-25
4.939621743878325959e-05 4.122350517467731045e-25
5.043159487171358695e-05 4.297145435953954700e-25
5.148867450137487077e-05 4.479355657419265581e-25
5.256791122018419400e-05 4.669295996960399445e-25
5.366976945540475778e-05 4.867294650241870434e-25
5.479472336900292591e-05 5.073693763179890504e-25
5.594325706169377268e-05 5.288850025942722951e-25
5.711586478126423513e-05 5.513135292309644044e-25
5.831305113526218489e-05 5.746937225475016679e-25
5.953533130814369864e-05 5.990659971431239434e-25
6.078323128297236501e-05 6.244724861113189066e-25
6.205728806776500081e-05 6.509571142537431852e-25
6.335804992658241198e-05 6.785656744223221310e-25
6.468607661546321112e-05 7.073459071237234922e-25
6.604193962330304700e-05 7.373475835262478732e-25
6.742622241778349222e-05 7.686225920152214591e-25
6.883952069645495682e-05 8.012250284492409523e-25
7.028244264308337646e-05 8.352112902762857176e-25
7.175560918936921718e-05 8.706401746755007070e-25
7.325965428215229914e-05 9.075729808976955141e-25
7.479522515621828658e-05 9.460736169850887655e-25
7.636298261282241959e-05 9.862087110585902796e-25
7.796360130405220322e-05 1.028047727369144822e-24
7.959777002314977982e-05 1.071663087318107216e-24
8.126619200091945365e-05 1.117130295660548546e-24
8.296958520834915780e-05 1.164528072114697259e-24
8.470868266557402936e-05 1.213938488610319594e-24
8.648423275731708976e-05 1.265447112419055733e-24
8.829699955494083421e-05 1.319143155420184422e-24
9.014776314524917239e-05 1.375119629766369354e-24
9.203731996618230639e-05 1.433473510225474909e-24
9.396648314954690162e-05 1.494305903486425351e-24
9.593608287093146887e-05 1.557722224729787534e-24
9.794696670695385331e-05 1.623832381776629409e-24
1.000000000000000048e-04 1.692750967143182863e-24
1.020960662306047607e-04 1.764597458342729926e-24
1.042360673976401179e-04 1.839496426791404722e-24
1.064209244064724582e-04 1.917577755689930501e-24
1.086515774652537295e-04 1.998976867269547448e-24
1.109289864895222780e-04 2.083834959807621530e-24
1.132541315152812603e-04 2.172299254835730121e-24
1.156280131207375404e-04 2.264523254981949118e-24
1.180516528568805612e-04 2.360667012908129064e-24
1.205260936870841367e-04 2.460897411823109044e-24
1.230524004359261579e-04 2.565388458074231637e-24
1.256316602474121533e-04 2.674321586341034896e-24
1.282649830528059917e-04 2.787885977978510856e-24
1.309535020482667609e-04 2.906278893081051126e-24
1.336983741824945252e-04 3.029706016863228584e-24
1.365007806546013845e-04 3.158381820980228443e-24
1.393619274224143468e-04 3.292529940437501354e-24
1.422830457214352027e-04 3.432383566768446508e-24
1.452653925946781202e-04 3.578185858188482396e-24
1.483102514336102819e-04 3.730190367465011292e-24
1.514189325304352018e-04 3.888661488275995660e-24
1.545927736419478403e-04 4.053874920863130796e-24
1.578331405652116427e-04 4.226118157822099683e-24
1.611414277253019891e-04 4.405690990909128416e-24
1.645190587753660725e-04 4.592906039781909148e-24
1.679674872092653225e-04 4.788089303634360659e-24
1.714881969870540781e-04 4.991580736726129840e-24
1.750827031735723363e-04 5.203734848853303271e-24
1.787525525904235457e-04 5.424921331852535033e-24
1.824993244816150548e-04 5.655525713279383068e-24
1.863246311931559835e-04 5.895950038453122725e-24
1.902301188668945714e-04 6.146613582112258595e-24
1.942174681489024571e-04 6.407953590981597665e-24
1.982883949127071325e-04 6.680426058609039677e-24
2.024446509976801894e-04 6.964506533890838040e-24
2.066880249629082160e-04 7.260690964768428286e-24
2.110203428568596521e-04 7.569496578644814206e-24
2.154434690031882321e-04 7.891462801139390730e-24
2.199593068030074913e-04 8.227152214871554880e-24
2.245697995539771826e-04 8.577151560039454767e-24
2.292769312865648647e-04 8.942072778640553284e-24
2.340827276178294449e-04 9.322554104261996485e-24
2.389892566231047904e-04 9.719261199457375129e-24
2.439986297259550199e-04 1.013288834281623597e-23
2.491130026067790758e-04 1.056415966792754852e-23
2.543345761304648361e-04 1.101383045653895830e-23
2.596655972934872546e-04 1.148268848831655886e-23
2.651083601908536076e-04 1.197155544971871278e-23
2.706652070033241072e-04 1.248128840461289856e-23
2.763385290053172491e-04 1.301278132938120766e-23
2.821307675939470740e-04 1.356696671538757762e-23
2.880444153396297634e-04 1.414481724180869174e-23
2.940820170587060450e-04 1.474734752196693152e-23
3.002461709085549389e-04 1.537561592644902996e-23
3.065395295056530154e-04 1.603072648644049742e-23
3.129648010670750265e-04 1.671383088086604602e-23
3.195247505759213607e-04 1.742613051108817124e-23
3.262222009711666644e-04 1.816887866708797892e-23
3.330600343624588820e-04 1.894338278923458867e-23
3.400411932703709724e-04 1.975100682993422033e-23
3.471686818926559680e-04 2.059317371965123587e-23
3.544455673970435734e-04 2.147136794199772432e-23
3.618749812411276696e-04 2.238713822280453793e-23
3.694601205199302477e-04 2.334210033831654380e-23
3.772042493417001349e-04 2.433794004788757960e-23
3.851107002325568655e-04 2.537641615680454125e-23
3.931828755705770373e-04 2.645936371512770731e-23
4.014242490499317709e-04 2.758869735870724328e-23
4.098383671757261184e-04 2.876641479882629638e-23
4.184288507901584705e-04 2.999460046721493271e-23
4.271993966306776428e-04 3.127542932349983183e-23
4.361537789208005771e-04 3.261117083248055364e-23
4.452958509942650848e-04 3.400419311896830598e-23
4.546295469532399291e-04 3.545696730828994826e-23
4.641588833612782196e-04 3.697207206093271599e-23
4.738879609717650920e-04 3.855219831021007337e-23
4.838209664925957392e-04 4.020015421224266364e-23
4.939621743878315659e-04 4.191887031798519345e-23
5.043159487171358559e-04 4.371140497749459008e-23
5.148867450137497919e-04 4.558094998710825337e-23
5.256791122018419265e-04 4.753083649071399273e-23
5.366976945540475642e-04 4.956454114681856195e-23
5.479472336900281749e-04 5.168569257367577401e-23
5.594325706169377133e-04 5.389807808532553457e-23
5.711586478126434762e-04 5.620565073199662182e-23
5.831305113526218760e-04 5.861253665897715237e-23
5.953533130814370406e-04 6.112304279872538233e-23
6.078323128297224032e-04 6.374166491169776649e-23
6.205728806776500623e-04 6.647309599212301561e-23
6.335804992658254208e-04 6.932223505571512149e-23
6.468607661546321112e-04 7.229419632715011132e-23
6.604193962330305243e-04 7.539431884598062260e-23
6.742622241778335399e-04 7.862817651056187831e-23
6.883952069645496224e-04 8.200158858052015252e-23
7.028244264308353096e-04 8.552063065927135879e-23
7.175560918936921447e-04 8.919164617915630225e-23
7.325965428215230456e-04 9.302125841284649234e-23
7.479522515621828387e-04 9.701638303582124875e-23
7.636298261282241416e-04 1.011842412659391122e-22
7.796360130405237399e-04 1.055323736073838337e-22
7.959777002314977982e-04 1.100686542275999771e-22
8.126619200091945907e-04 1.148013059972488779e-22
8.296958520834915238e-04 1.197389162246648375e-22
8.470868266557402123e-04 1.248904531178638919e-22
8.648423275731726865e-04 1.302652830087682722e-22
8.829699955494082608e-04 1.358731883760178236e-22
9.014776314524917782e-04 1.417243867045565831e-22
9.203731996618230368e-04 1.478295502220398490e-22
9.396648314954690433e-04 1.541998265541253956e-22
9.593608287093146345e-04 1.608468603427797830e-22
9.794696670695386687e-04 1.677828158739248432e-22
1.000000000000000021e-03 1.750204007630802621e-22
1.020960662306047472e-03 1.825728907500515337e-22
1.042360673976401152e-03 1.904541556562980596e-22
1.064209244064724582e-03 1.986786865612830130e-22
1.086515774652537349e-03 2.072616242569260560e-22
1.109289864895222780e-03 2.162187890422784020e-22
1.132541315152812630e-03 2.255667119236244963e-22
1.156280131207375458e-03 2.353226672885441509e-22
1.180516528568805639e-03 2.455047071259021640e-22
1.205260936870841421e-03 2.561316968673712485e-22
1.230524004359261634e-03 2.672233529299577750e-22
1.256316602474121533e-03 2.788002820429785793e-22
1.282649830528059809e-03 2.908840224472349276e-22
1.309535020482667771e-03 3.034970870585621912e-22
1.336983741824945143e-03 3.166630086926270618e-22
1.365007806546013683e-03 3.304063874528444569e-22
1.393619274224143414e-03 3.447529403884156513e-22
1.422830457214352027e-03 3.597295535350566409e-22
1.452653925946781202e-03 3.753643364567028805e-22
1.483102514336102819e-03 3.916866794125636687e-22
1.514189325304352018e-03 4.087273132803496733e-22
1.545927736419478457e-03 4.265183723731527408e-22
1.578331405652116590e-03 4.450934602946506390e-22
1.611414277253019837e-03 4.644877189847227575e-22
1.645190587753660779e-03 4.847379011154418450e-22
1.679674872092653225e-03 5.058824460057599737e-22
1.714881969870540998e-03 5.279615592318483082e-22
1.750827031735723363e-03 5.510172961193504866e-22
1.787525525904235402e-03 5.750936493134473452e-22
1.824993244816150439e-03 6.002366406328271459e-22
1.863246311931559835e-03 6.264944174245096963e-22
1.902301188668945823e-03 6.539173536476694802e-22
1.942174681489024354e-03 6.825581559266828557e-22
1.982883949127071596e-03 7.124719748261308911e-22
2.024446509976801731e-03 7.437165216137250948e-22
2.066880249629082268e-03 7.763521907912270667e-22
2.110203428568596575e-03 8.104421886879542151e-22
2.154434690031882104e-03 8.460526684271883179e-22
2.199593068030074750e-03 8.832528715920086014e-22
2.245697995539771771e-03 9.221152769343156081e-22
2.292769312865648810e-03 9.627157564890896476e-22
2.340827276178294395e-03 1.005133739474856850e-21
2.389892566231047958e-03 1.049452384381711292e-21
2.439986297259550199e-03 1.095758759669361731e-21
2.491130026067790975e-03 1.144144033520066614e-21
2.543345761304648036e-03 1.194703673115038947e-21
2.596655972934872221e-03 1.247537653927671109e-21
2.651083601908536293e-03 1.302750679553136829e-21
2.706652070033241288e-03 1.360452412621726386e-21
2.763385290053172599e-03 1.420757717372127132e-21
2.821307675939470957e-03 1.483786914491832418e-21
2.880444153396298067e-03 1.549666048864030674e-21
2.940820170587060776e-03 1.618527170894394481e-21
3.002461709085549064e-03 1.690508632127362162e-21
3.065395295056529829e-03 1.765755395898971464e-21
3.129648010670750373e-03 1.844419363813615335e-21
3.195247505759213607e-03 1.926659718873865732e-21
3.262222009711666752e-03 2.012643286136829249e-21
3.330600343624588386e-03 2.102544911817434394e-21
3.400411932703709724e-03 2.196547861807849764e-21
3.471686818926559247e-03 2.294844240634456642e-21
3.544455673970435625e-03 2.397635431928203477e-21
3.618749812411276804e-03 2.505132561541596322e-21
3.694601205199302477e-03 2.617556984506634977e-21
3.772042493417001457e-03 2.735140797091236838e-21
3.851107002325568872e-03 2.858127375279564403e-21
3.931828755705770589e-03 2.986771941072156921e-21
4.014242490499317709e-03 3.121342158076344529e-21
4.098383671757261509e-03 3.262118757936477788e-21
4.184288507901584922e-03 3.409396199235561395e-21
4.271993966306776754e-03 3.563483360587733745e-21
4.361537789208005771e-03 3.724704269732381386e-21
4.452958509942650522e-03 3.893398870537177805e-21
4.546295469532399616e-03 4.069923829919652862e-21
4.641588833612782412e-03 4.254653386803038273e-21
4.738879609717651029e-03 4.447980245335669223e-21
4.838209664925957609e-03 4.650316514721291101e-21
4.939621743878315659e-03 4.862094698132203946e-21
5.043159487171358993e-03 5.083768733309268157e-21
5.148867450137497269e-03 5.315815087589639097e-21
5.256791122018419048e-03 5.558733910249520076e-21
5.366976945540476510e-03 5.813050245201233963e-21
5.479472336900281099e-03 6.079315307244379787e-21
5.594325706169377133e-03 6.358107825240648988e-21
5.711586478126434545e-03 6.650035455757869150e-21
5.831305113526218976e-03 6.955736270916814533e-21
5.953533130814370189e-03 7.275880324369397625e-21
6.078323128297223599e-03 7.611171299542728060e-21
6.205728806776500406e-03 7.962348244500744567e-21
6.335804992658253774e-03 8.330187398000692640e-21
6.468607661546320678e-03 8.715504111561803573e-21
6.604193962330305243e-03 9.119154872612738338e-21
6.742622241778335399e-03 9.542039434046987393e-21
6.883952069645496441e-03 9.985103055792268443e-21
7.028244264308352446e-03 1.044933886428700297e-20
7.175560918936921447e-03 1.093579033606216711e-20
7.325965428215230023e-03 1.144555391194325475e-20
7.479522515621813208e-03 1.197978174872003140e-20
7.636298261282242067e-03 1.253968461548235034e-20
7.796360130405236531e-03 1.312653494218310108e-20
7.959777002314977548e-03 1.374167002837483653e-20
8.126619200091946341e-03 1.438649542046534416e-20
8.296958520834915238e-03 1.506248846625644664e-20
8.470868266557402340e-03 1.577120205597031017e-20
8.648423275731726215e-03 1.651426855942426677e-20
8.829699955494083041e-03 1.729340396949378780e-20
9.014776314524916914e-03 1.811041226250624217e-20
9.203731996618230368e-03 1.896718998672645885e-20
9.396648314954691300e-03 1.986573109064440396e-20
9.593608287093146128e-03 2.080813200334174041e-20
9.794696670695384952e-03 2.179659697980679459e-20
1.000000000000000021e-02 2.283344372468865703e-20
1.020960662306047602e-02 2.392110930862011645e-20
1.042360673976401239e-02 2.506215639191434246e-20
1.064209244064724669e-02 2.625927977113392236e-20
1.086515774652537306e-02 2.751531326475558459e-20
1.109289864895222737e-02 2.883323695491093433e-20
1.132541315152812630e-02 3.021618480295874669e-20
1.156280131207375328e-02 3.166745265746214272e-20
1.180516528568805595e-02 3.319050667398053145e-20
1.205260936870841335e-02 3.478899216695622473e-20
1.230524004359261590e-02 3.646674291488272383e-20
1.256316602474121490e-02 3.822779094086423308e-20
1.282649830528059809e-02 4.007637679164750945e-20
1.309535020482667685e-02 4.201696033919407550e-20
1.336983741824945317e-02 4.405423212988437091e-20
1.365007806546013856e-02 4.619312530750485339e-20
1.393619274224143501e-02 4.843882813724257961e-20
1.422830457214351897e-02 5.079679715903427660e-20
1.452653925946781159e-02 5.327277099975042615e-20
1.483102514336102906e-02 5.587278487486237174e-20
1.514189325304352018e-02 5.860318581144145497e-20
1.545927736419478588e-02 6.147064862554411681e-20
1.578331405652116590e-02 6.448219268828856064e-20
1.611414277253019750e-02 6.764519951618202352e-20
1.645190587753660866e-02 7.096743122253124738e-20
1.679674872092653051e-02 7.445704986807237363e-20
1.714881969870540868e-02 7.812263775024159162e-20
1.750827031735723363e-02 8.197321867183350100e-20
1.787525525904235316e-02 8.601828023109595618e-20
1.824993244816150439e-02 9.026779717661790383e-20
1.863246311931559748e-02 9.473225587168094266e-20
1.902301188668945736e-02 9.942267991401210325e-20
1.942174681489024571e-02 1.043506569581612649e-19
1.982883949127071249e-02 1.095283667889501578e-19
2.024446509976801645e-02 1.149686106956377552e-19
2.066880249629082095e-02 1.206848421976140577e-19
2.110203428568596662e-02 1.266911991735040781e-19
2.154434690031882191e-02 1.330025374466149829e-19
2.199593068030074663e-02 1.396344658805867201e-19
2.245697995539771771e-02 1.466033830399532667e-19
2.292769312865648723e-02 1.539265154710824359e-19
2.340827276178294308e-02 1.616219576595416440e-19
2.389892566231047871e-02 1.697087137204379997e-19
2.439986297259550199e-02 1.782067408785676775e-19
2.491130026067785858e-02 1.871369947953268035e-19
2.543345761304648123e-02 1.965214767992796762e-19
2.596655972934872394e-02 2.063832830769216091e-19
2.651083601908536119e-02 2.167466558796461441e-19
2.706652070033241375e-02 2.276370368020425063e-19
2.763385290053172599e-02 2.390811221854736277e-19
2.821307675939470697e-02 2.511069206993968316e-19
2.880444153396297807e-02 2.637438131509617014e-19
2.940820170587060689e-02 2.770226145710956868e-19
3.002461709085549324e-02 2.909756386225579206e-19
3.065395295056529829e-02 3.056367643720921213e-19
3.129648010670750546e-02 3.210415054650638550e-19
3.195247505759213347e-02 3.372270817365073678e-19
3.262222009711666232e-02 3.542324932874508089e-19
3.330600343624588733e-02 3.720985970496954278e-19
3.400411932703709811e-02 3.908681858556376950e-19
3.471686818926559420e-02 4.105860700225084715e-19
3.544455673970435539e-02 4.312991614521655288e-19
3.618749812411276717e-02 4.530565602384581214e-19
3.694601205199302130e-02 4.759096437641414365e-19
3.772042493417001457e-02 4.999121582580134839e-19
3.851107002325569045e-02 5.251203127707314435e-19
3.931828755705769896e-02 5.515928755141319369e-19
4.014242490499318056e-02 5.793912724940204179e-19
4.098383671757261509e-02 6.085796883502317017e-19
4.184288507901584575e-02 6.392251692999446602e-19
4.271993966306776580e-02 6.713977280610873819e-19
4.361537789208005944e-02 7.051704506117210451e-19
4.452958509942650522e-02 7.406196046186360351e-19
4.546295469532399269e-02 7.778247493440992957e-19
4.641588833612782239e-02 8.168688468131563390e-19
4.738879609717651376e-02 8.578383739957623657e-19
4.838209664925956915e-02 9.008234357274868158e-19
4.939621743878315485e-02 9.459178780599460449e-19
5.043159487171358646e-02 9.932194016974367729e-19
5.148867450137497442e-02 1.042829675138864504e-18
5.256791122018419221e-02 1.094854447104713594e-18
5.366976945540476163e-02 1.149403657786631152e-18
5.479472336900281099e-02 1.206591548412579130e-18
5.594325706169377826e-02 1.266536768573532154e-18
5.711586478126434718e-02 1.329362480707568438e-18
5.831305113526218803e-02 1.395196461085028815e-18
5.953533130814370189e-02 1.464171196583012433e-18
6.078323128297223599e-02 1.536423976479617724e-18
6.205728806776500406e-02 1.612096978437970119e-18
6.335804992658254642e-02 1.691337347786536564e-18
6.468607661546320331e-02 1.774297269136775307e-18
6.604193962330305590e-02 1.861134029310655431e-18
6.742622241778335745e-02 1.952010070479836013e-18
6.883952069645496441e-02 2.047093032345671421e-18
7.028244264308353140e-02 2.146555782113693751e-18
7.175560918936921273e-02 2.250576430939842374e-18
7.325965428215229502e-02 2.359338335446927305e-18
7.479522515621812861e-02 2.473030082830016647e-18
7.636298261282241373e-02 2.591845457989059654e-18
7.796360130405237399e-02 2.715983391045288929e-18
7.959777002314977201e-02 2.845647883517115518e-18
8.126619200091945994e-02 2.981047911350048086e-18
8.296958520834915585e-02 3.122397302915233984e-18
8.470868266557401993e-02 3.269914590013452450e-18
8.648423275731725868e-02 3.423822829845298679e-18
8.829699955494083041e-02 3.584349395835736885e-18
9.014776314524917955e-02 3.751725735133350001e-18
9.203731996618230715e-02 3.926187090540494414e-18
9.396648314954690606e-02 4.107972184574236256e-18
9.593608287093147169e-02 4.297322863307578822e-18
9.794696670695385299e-02 4.494483697599144079e-18
1.000000000000000056e-01 4.699701539288657091e-18
1.020960662306047567e-01 4.913225029914430118e-18
1.042360673976401170e-01 5.135304059502771501e-18
1.064209244064724669e-01 5.366189172985684050e-18
1.086515774652537236e-01 5.606130921826422717e-18
1.109289864895222771e-01 5.855379158474477472e-18
1.132541315152812700e-01 6.114182271331254919e-18
1.156280131207375328e-01 6.382786357991785205e-18
1.180516528568805595e-01 6.661434334633504283e-18
1.205260936870841404e-01 6.950364979555384424e-18
1.230524004359261625e-01 7.249811909032155012e-18
1.256316602474121524e-01 7.560002483837128443e-18
1.282649830528059809e-01 7.881156645011591454e-18
1.309535020482667789e-01 8.213485677714851667e-18
1.336983741824945282e-01 8.557190902282791221e-18
1.365007806546013891e-01 8.912462291956434385e-18
1.393619274224143501e-01 9.279477017113185887e-18
1.422830457214351862e-01 9.658397916251126246e-18
1.452653925946781333e-01 1.004937189443531895e-17
1.483102514336102906e-01 1.045252825042090440e-17
1.514189325304352018e-01 1.086797693422209059e-17
1.545927736419478449e-01 1.129580673749514698e-17
1.578331405652116382e-01 1.173608341975581596e-17
1.611414277253019889e-01 1.218884777414967044e-17
1.645190587753660727e-01 1.265411363724265675e-17
1.679674872092653259e-01 1.313186584809805174e-17
1.714881969870540868e-01 1.362205816274879462e-17
1.750827031735723294e-01 1.412461113106782380e-17
1.787525525904235524e-01 1.463940994397234117e-17
1.824993244816150439e-01 1.516630225987321978e-17
1.863246311931559818e-01 1.570509602029501233e-17
1.902301188668945875e-01 1.625555726563344327e-17
1.942174681489024501e-01 1.681740796309125698e-17
1.982883949127071388e-01 1.739032385992248025e-17
2.024446509976801645e-01 1.797393237621854408e-17
2.066880249629081956e-01 1.856781055257931978e-17
2.110203428568596662e-01 1.917148306911071477e-17
2.154434690031882260e-01 1.978442035327884278e-17
2.199593068030074872e-01 2.040603679520568732e-17
2.245697995539771563e-01 2.103568909000638890e-17
2.292769312865648723e-01 2.167267472773041028e-17
2.340827276178294447e-01 2.231623065235380640e-17
2.389892566231047732e-01 2.296553211207551780e-17
2.439986297259550130e-01 2.361969172386462197e-17
2.491130026067785996e-01 2.427775877578029801e-17
2.543345761304648400e-01 2.493871879102055535e-17
2.596655972934872603e-01 2.560149337792313993e-17
2.651083601908535980e-01 2.626494039023486361e-17
2.706652070033241375e-01 2.692785442185028772e-17
2.763385290053172461e-01 2.758896765988488285e-17
2.821307675939470627e-01 2.824695111937131198e-17
2.880444153396297668e-01 2.890041628202304201e-17
2.940820170587060689e-01 2.954791716038641902e-17
3.002461709085549324e-01 3.018795280727960427e-17
3.065395295056529967e-01 3.081897028867295076e-17
3.129648010670750269e-01 3.143936813609618106e-17
3.195247505759213347e-01 3.204750029223980695e-17
3.262222009711666648e-01 3.264168056064867611e-17
3.330600343624588455e-01 3.322018756727875782e-17
3.400411932703709672e-01 3.378127023819348415e-17
3.471686818926559281e-01 3.432315379382691933e-17
3.544455673970435816e-01 3.484404625603161332e-17
3.618749812411276578e-01 3.534214545957817348e-17
3.694601205199302685e-01 3.581564655489739926e-17
3.772042493417001596e-01 3.626274998367041968e-17
3.851107002325568907e-01 3.668166990341669049e-17
3.931828755705770173e-01 3.707064303152957128e-17
4.014242490499317917e-01 3.742793787331272051e-17
4.098383671757261371e-01 3.775186429252647864e-17
4.184288507901584575e-01 3.804078337681302159e-17
4.271993966306776858e-01 3.829311754420406268e-17
4.361537789208005944e-01 3.850736083078619068e-17
4.452958509942651077e-01 3.868208929359035618e-17
4.546295469532399269e-01 3.881597145696273632e-17
4.641588833612781961e-01 3.890777872515240941e-17
4.738879609717651098e-01 3.895639567871302540e-17
4.838209664925957054e-01 3.896083016765320077e-17
4.939621743878315763e-01 3.892022311018904639e-17
5.043159487171359201e-01 3.883385790254777222e-17
5.148867450137497581e-01 3.870116934265057489e-17
5.256791122018419360e-01 3.852175196876074121e-17
5.366976945540475885e-01 3.829536771342024438e-17
5.479472336900281793e-01 3.802195277330413244e-17
5.594325706169377410e-01 3.770162359708104387e-17
5.711586478126434718e-01 3.733468189605793541e-17
5.831305113526218387e-01 3.692161858636750894e-17
5.953533130814370189e-01 3.646311657678120334e-17
6.078323128297223876e-01 3.596005232293271828e-17
6.205728806776500406e-01 3.541349607682965878e-17
6.335804992658253809e-01 3.482471077001690463e-17
6.468607661546320609e-01 3.419514947960089560e-17
6.604193962330304757e-01 3.352645143850725329e-17
6.742622241778335468e-01 3.282043656474634713e-17
6.883952069645495886e-01 3.207909849900111621e-17
7.028244264308353140e-01 3.130459615540905367e-17
7.175560918936920718e-01 3.049924380682045236e-17
7.325965428215229780e-01 2.966549974290886878e-17
7.479522515621813694e-01 2.880595355707542024e-17
7.636298261282241651e-01 2.792331213589350310e-17
7.796360130405236566e-01 2.702038444264522132e-17
7.959777002314977201e-01 2.610006520401775765e-17
8.126619200091945716e-01 2.516531762598853720e-17
8.296958520834898376e-01 2.421915528102535285e-17
8.470868266557401993e-01 2.326462332365904274e-17
8.648423275731726978e-01 2.230477920496037167e-17
8.829699955494082486e-01 2.134267306815365232e-17
9.014776314524917122e-01 2.038132801726024862e-17
9.203731996618230715e-01 1.942372045800894877e-17
9.396648314954690884e-01 1.847276071503508654e-17
9.593608287093147169e-01 1.753127413141901800e-17
9.794696670695385299e-01 1.660198285570990380e-17
1.000000000000000000e+00 1.568748851762067139e-17
1.020960662306047650e+00 1.479025598650779502e-17
1.042360673976403307e+00 1.391259839653198311e-17
1.064209244064722393e+00 1.305666360910398308e-17
1.086515774652537347e+00 1.222442226694802149e-17
1.109289864895222744e+00 1.141765757505819273e-17
1.132541315152812755e+00 1.063795692220646887e-17
1.156280131207377826e+00 9.886705432814999650e-18
1.180516528568803070e+00 9.165081513275376211e-18
1.205260936870841348e+00 8.474054429619970231e-18
1.230524004359261570e+00 7.814383925292458611e-18
1.256316602474121469e+00 7.186621859123386060e-18
1.282649830528062473e+00 6.591115815046123690e-18
1.309535020482665013e+00 6.028014607119905016e-18
1.336983741824945282e+00 5.497275576625771796e-18
1.365007806546013835e+00 4.998673552907951874e-18
1.393619274224143556e+00 4.531811326756736468e-18
1.422830457214354860e+00 4.096131464959788654e-18
1.452653925946778335e+00 3.690929277597285838e-18
1.483102514336102962e+00 3.315366736088932662e-18
1.514189325304351907e+00 2.968487130198010544e-18
1.545927736419478560e+00 2.649230246348836257e-18
1.578331405652119823e+00 2.356447847831366537e-18
1.611414277253016669e+00 2.088919239745145611e-18
1.645190587753660783e+00 1.845366707787169610e-18
1.679674872092653093e+00 1.624470630022318386e-18
1.714881969870540868e+00 1.424884074304240528e-18
1.750827031735726846e+00 1.245246710677309594e-18
1.787525525904231749e+00 1.084197887437478062e-18
1.824993244816150550e+00 9.403887410620862694e-19
1.863246311931559873e+00 8.124932333843085847e-19
1.902301188668945819e+00 6.992180336047005110e-19
1.942174681489028387e+00 5.993111874105986101e-19
1.982883949127067336e+00 5.115695400219122017e-19
2.024446509976801867e+00 4.348449038358569966e-19
2.066880249629082122e+00 3.680489839758520091e-19
2.110203428568596440e+00 3.101570959867901520e-19
2.154434690031886479e+00 2.602107287552567960e-19
2.199593068030070153e+00 2.173190221364257815e-19
2.245697995539771785e+00 1.806592424937986511e-19
2.292769312865648779e+00 1.494763502442659102e-19
2.340827276178294447e+00 1.230817614780730673e-19
2.389892566231052839e+00 1.008514108080072921e-19
2.439986297259545189e+00 8.222322489026218686e-20
2.491130026067785774e+00 6.669411572174925938e-20
2.543345761304648178e+00 5.381660008806438685e-20
2.596655972934872381e+00 4.319514669716818575e-20
2.651083601908541532e+00 3.448234590941093395e-20
2.706652070033235713e+00 2.737498891191882299e-20
2.763385290053166798e+00 2.161013404407936411e-20
2.821307675939470627e+00 1.696122811789066091e-20
2.880444153396297668e+00 1.323434033618811963e-20
2.940820170587066684e+00 1.026455611300715719e-20
3.002461709085542996e+00 7.912568030666219724e-21
3.065395295056523750e+00 6.061491575380082218e-21
3.129648010670750491e+00 4.613924381453455257e-21
3.195247505759213791e+00 3.489259641204511137e-21
3.262222009711673198e+00 2.621257214395051622e-21
3.330600343624581683e+00 1.955869871041776541e-21
3.400411932703702789e+00 1.449317019158943133e-21
3.471686818926559503e+00 1.066394264571356485e-21
3.544455673970435594e+00 7.790040671309392018e-22
3.618749812411284239e+00 5.648906400559572515e-22
3.694601205199294913e+00 4.065609177373690093e-22
3.772042493416993825e+00 2.903728299842846518e-22
3.851107002325568907e+00 2.057721293763199805e-22
3.931828755705770284e+00 1.446595409022372222e-22
4.014242490499325910e+00 1.008708986054456011e-22
4.098383671757252600e+00 6.975412060481859748e-23
4.184288507901576359e+00 4.782824765256906994e-23
4.271993966306776969e+00 3.251125157326391674e-23
4.361537789208005833e+00 2.190483806061101354e-23
4.452958509942660292e+00 1.462596651219739043e-23
4.546295469532390499e+00 9.676243677608621704e-24
4.641588833612772191e+00 6.341685693868019071e-24
4.738879609717651320e+00 4.116563188308305910e-24
4.838209664925956943e+00 2.646134502232952419e-24
4.939621743878325866e+00 1.684028459044225916e-24
5.043159487171348765e+00 1.060862378102484729e-24
5.148867450137487367e+00 6.613797494113796873e-25
5.256791122018419138e+00 4.079748948503989690e-25
5.366976945540476329e+00 2.489507882614916154e-25
5.479472336900292895e+00 1.502436873537912915e-25
5.594325706169389179e+00 8.965717732310906945e-26
5.711586478126423394e+00 5.289099085799230628e-26
5.831305113526219053e+00 3.083799404970925809e-26
5.953533130814370189e+00 1.776627990589146701e-26
6.078323128297236089e+00 1.011135194025458892e-26
6.205728806776512840e+00 5.683539139955884025e-27
6.335804992658241375e+00 3.154409564661354205e-27
6.468607661546320386e+00 1.728214769721961703e-27
6.604193962330305645e+00 9.344297180736985150e-28
6.742622241778349235e+00 4.984846675162590457e-28
6.883952069645510541e+00 2.622999264253162016e-28
7.028244264308338707e+00 1.361033017862513420e-28
7.175560918936921162e+00 6.962163230403459412e-29
7.325965428215230446e+00 3.509971374006525720e-29
7.479522515621829015e+00 1.743506046566530148e-29
7.636298261282257194e+00 8.530577515035732503e-30
7.796360130405220801e+00 4.109990139765221529e-30
7.959777002314977423e+00 1.949308492450981948e-30
8.126619200091946382e+00 9.098415102756532575e-31
8.296958520834914808e+00 4.177935126827259157e-31
8.470868266557419091e+00 1.886824869771078706e-31
8.648423275731708770e+00 8.377918689205607956e-32
8.829699955494083596e+00 3.656232377991109453e-32
9.014776314524917566e+00 1.567762243735621966e-32
9.203731996618230937e+00 6.602807665642587081e-33
9.396648314954710202e+00 2.730423365703976930e-33
9.593608287093127629e+00 1.108235716253328813e-33
9.794696670695385521e+00 4.413473800433894854e-34
1.000000000000000000e+01 1.723923140071863500e-34
